3.992094e+002,2.341347e-001
4.011380e+002,1.988824e-001
4.030665e+002,2.562429e-001
4.049951e+002,1.400761e-001
4.069236e+002,6.069225e-002
4.088522e+002,9.018336e-002
4.107807e+002,6.515400e-003
4.127093e+002,-2.434297e-002
4.146378e+002,1.222505e-002
4.165664e+002,7.676613e-002
4.184949e+002,4.102408e-002
4.204235e+002,-5.429420e-002
4.223520e+002,-1.854388e-001
4.242806e+002,-1.523647e-001
4.262091e+002,-2.333728e-002
4.281377e+002,-9.058918e-002
4.300662e+002,-1.902212e-001
4.319948e+002,-2.882268e-001
4.339233e+002,-3.012535e-001
4.358519e+002,-1.839079e-001
4.377804e+002,-1.138040e-001
4.397090e+002,-7.875723e-002
4.416375e+002,-1.254467e-001
4.435660e+002,-1.656948e-001
4.454946e+002,-1.339124e-001
4.474232e+002,-1.341139e-001
4.493517e+002,-1.754832e-001
4.512802e+002,-2.110716e-001
4.532088e+002,-2.089101e-001
4.551373e+002,-2.123245e-001
4.570659e+002,-1.937432e-001
4.589944e+002,-1.941741e-001
4.609230e+002,-1.500289e-001
4.628515e+002,-1.657314e-001
4.647801e+002,-1.496079e-001
4.667086e+002,-9.262869e-002
4.686372e+002,-9.008987e-002
4.705657e+002,-1.522349e-001
4.724943e+002,-1.725623e-001
4.744228e+002,-1.580971e-001
4.763514e+002,-1.634809e-001
4.782799e+002,-1.418213e-001
4.802085e+002,-9.154160e-002
4.821370e+002,-3.502046e-002
4.840656e+002,-1.893618e-003
4.859941e+002,-1.159895e-002
4.879226e+002,-2.210690e-002
4.898512e+002,9.545280e-003
4.917798e+002,3.408905e-002
4.937083e+002,-1.256290e-002
4.956368e+002,-8.574281e-003
4.975654e+002,-1.216746e-002
4.994939e+002,1.271827e-002
5.014225e+002,8.088115e-002
5.033510e+002,6.035981e-002
5.052796e+002,7.952369e-003
5.072081e+002,2.988015e-002
5.091367e+002,5.173925e-002
5.110652e+002,1.079465e-001
5.129938e+002,1.154204e-001
5.149223e+002,1.374127e-001
5.168509e+002,1.719894e-001
5.187794e+002,1.849776e-001
5.207079e+002,2.176887e-001
5.226365e+002,2.685917e-001
5.245651e+002,2.880268e-001
5.264936e+002,2.221598e-001
5.284221e+002,1.935066e-001
5.303507e+002,2.127198e-001
5.322792e+002,2.197962e-001
5.342078e+002,2.725078e-001
5.361364e+002,3.074299e-001
5.380649e+002,3.233683e-001
5.399934e+002,3.505971e-001
5.419220e+002,3.812647e-001
5.438505e+002,4.427268e-001
5.457791e+002,4.709761e-001
5.477076e+002,4.518160e-001
5.496362e+002,4.532251e-001
5.515647e+002,4.422847e-001
5.534933e+002,4.166507e-001
5.554218e+002,4.405428e-001
5.573503e+002,5.199302e-001
5.592789e+002,5.300540e-001
5.612075e+002,5.083256e-001
5.631360e+002,5.541025e-001
5.650646e+002,6.238629e-001
5.669931e+002,6.713547e-001
5.689216e+002,7.049103e-001
5.708502e+002,6.675353e-001
5.727787e+002,6.651999e-001
5.747073e+002,7.152008e-001
5.766359e+002,7.526537e-001
5.785644e+002,7.895176e-001
5.804929e+002,8.441108e-001
5.824215e+002,8.679035e-001
5.843500e+002,8.964667e-001
5.862786e+002,9.354257e-001
5.882072e+002,9.948208e-001
5.901357e+002,1.058338e+000
5.920642e+002,1.188433e+000
5.939928e+002,1.241955e+000
5.959213e+002,1.227142e+000
5.978499e+002,1.221961e+000
5.997784e+002,1.290184e+000
6.017070e+002,1.363862e+000
6.036355e+002,1.369912e+000
6.055641e+002,1.427882e+000
6.074926e+002,1.465168e+000
6.094211e+002,1.478110e+000
6.113497e+002,1.504653e+000
6.132783e+002,1.524813e+000
6.152068e+002,1.548217e+000
6.171354e+002,1.565277e+000
6.190639e+002,1.593297e+000
6.209924e+002,1.614818e+000
6.229210e+002,1.605042e+000
6.248495e+002,1.597665e+000
6.267781e+002,1.617169e+000
6.287067e+002,1.693344e+000
6.306352e+002,1.702550e+000
6.325637e+002,1.683801e+000
6.344923e+002,1.691643e+000
6.364208e+002,1.659618e+000
6.383494e+002,1.655293e+000
6.402780e+002,1.665770e+000
6.422065e+002,1.675382e+000
6.441350e+002,1.703462e+000
6.460636e+002,1.722978e+000
6.479921e+002,1.709716e+000
6.499207e+002,1.713894e+000
6.518492e+002,1.762650e+000
6.537778e+002,1.785073e+000
6.557063e+002,1.766029e+000
6.576349e+002,1.748185e+000
6.595634e+002,1.784429e+000
6.614919e+002,1.807464e+000
6.634205e+002,1.811719e+000
6.653491e+002,1.829118e+000
6.672776e+002,1.806953e+000
6.692062e+002,1.808705e+000
6.711347e+002,1.823961e+000
6.730632e+002,1.802405e+000
6.749918e+002,1.803893e+000
6.769203e+002,1.813958e+000
6.788489e+002,1.804686e+000
6.807775e+002,1.828861e+000
6.827060e+002,1.834668e+000
6.846345e+002,1.856170e+000
6.865631e+002,1.868874e+000
6.884916e+002,1.872381e+000
6.904202e+002,1.859604e+000
6.923488e+002,1.845082e+000
6.942773e+002,1.846510e+000
6.962058e+002,1.853912e+000
6.981344e+002,1.858340e+000
7.000629e+002,1.871653e+000
7.019915e+002,1.886379e+000
7.039200e+002,1.880506e+000
7.058486e+002,1.862013e+000
7.077771e+002,1.862351e+000
7.097057e+002,1.862998e+000
7.116342e+002,1.866518e+000
7.135627e+002,1.902422e+000
7.154913e+002,1.907794e+000
7.174199e+002,1.870753e+000
7.193484e+002,1.878119e+000
7.212770e+002,1.900623e+000
7.232055e+002,1.900491e+000
7.251340e+002,1.905774e+000
7.270626e+002,1.903175e+000
7.289911e+002,1.891494e+000
7.309197e+002,1.888680e+000
7.328483e+002,1.878452e+000
7.347768e+002,1.856145e+000
7.367053e+002,1.847560e+000
7.386339e+002,1.881343e+000
7.405624e+002,1.887346e+000
7.424910e+002,1.874841e+000
7.444196e+002,1.871478e+000
7.463481e+002,1.876549e+000
7.482766e+002,1.878962e+000
7.502052e+002,1.886940e+000
7.521337e+002,1.876068e+000
7.540623e+002,1.868418e+000
7.559908e+002,1.887502e+000
7.579194e+002,1.887168e+000
7.598479e+002,1.850711e+000
7.617765e+002,1.837283e+000
7.637050e+002,1.841399e+000
7.656335e+002,1.855250e+000
7.675621e+002,1.845145e+000
7.694907e+002,1.835456e+000
7.714192e+002,1.845151e+000
7.733478e+002,1.839679e+000
7.752763e+002,1.840747e+000
7.772048e+002,1.851342e+000
7.791334e+002,1.826996e+000
7.810620e+002,1.840239e+000
7.829905e+002,1.858812e+000
7.849191e+002,1.866936e+000
7.868476e+002,1.878691e+000
7.887761e+002,1.884549e+000
7.907047e+002,1.884830e+000
7.926332e+002,1.891186e+000
7.945618e+002,1.896901e+000
7.964904e+002,1.910496e+000
7.984189e+002,1.914394e+000
8.003474e+002,1.916630e+000
8.022760e+002,1.920658e+000
8.042045e+002,1.932147e+000
8.061331e+002,1.963541e+000
8.080616e+002,1.960562e+000
8.099902e+002,1.955909e+000
8.119187e+002,1.956953e+000
8.138473e+002,1.975986e+000
8.157758e+002,2.018063e+000
8.177043e+002,2.025735e+000
8.196329e+002,2.023889e+000
8.215615e+002,2.039341e+000
8.234900e+002,2.044982e+000
8.254186e+002,2.049166e+000
8.273471e+002,2.047840e+000
8.292756e+002,2.025413e+000
8.312042e+002,2.031980e+000
8.331328e+002,2.036542e+000
8.350613e+002,2.034477e+000
8.369899e+002,2.051791e+000
8.389184e+002,2.069358e+000
8.408469e+002,2.074826e+000
8.427755e+002,2.055957e+000
8.447040e+002,2.036630e+000
8.466326e+002,2.030495e+000
8.485612e+002,2.019411e+000
8.504896e+002,2.026553e+000
8.524182e+002,2.041296e+000
8.543468e+002,2.038568e+000
8.562753e+002,2.027371e+000
8.582039e+002,2.044613e+000
8.601324e+002,2.056116e+000
8.620609e+002,2.060900e+000
8.639895e+002,2.072803e+000
8.659181e+002,2.078369e+000
8.678466e+002,2.067877e+000
8.697751e+002,2.058416e+000
8.717037e+002,2.043695e+000
8.736322e+002,2.040915e+000
8.755608e+002,2.063767e+000
8.774894e+002,2.067716e+000
8.794178e+002,2.067487e+000
8.813464e+002,2.076848e+000
8.832750e+002,2.067458e+000
8.852035e+002,2.049060e+000
8.871321e+002,2.047317e+000
8.890607e+002,2.045178e+000
8.909891e+002,2.050503e+000
8.929177e+002,2.062816e+000
8.948463e+002,2.069752e+000
8.967748e+002,2.070789e+000
8.987034e+002,2.073429e+000
9.006320e+002,2.095024e+000
9.025604e+002,2.078525e+000
9.044890e+002,2.062484e+000
9.064176e+002,2.063001e+000
9.083461e+002,2.056105e+000
9.102747e+002,2.033304e+000
9.122032e+002,2.041439e+000
9.141317e+002,2.058964e+000
9.160603e+002,2.065238e+000
9.179889e+002,2.072483e+000
9.199174e+002,2.088194e+000
9.218459e+002,2.088633e+000
9.237745e+002,2.077526e+000
9.257030e+002,2.074265e+000
9.276316e+002,2.095473e+000
9.295602e+002,2.099042e+000
9.314886e+002,2.116318e+000
9.334172e+002,2.107769e+000
9.353458e+002,2.096778e+000
9.372743e+002,2.084660e+000
9.392029e+002,2.085375e+000
9.411315e+002,2.088650e+000
9.430599e+002,2.098174e+000
9.449885e+002,2.105380e+000
9.469171e+002,2.093345e+000
9.488456e+002,2.100176e+000
9.507742e+002,2.114693e+000
9.527028e+002,2.119417e+000
9.546312e+002,2.123486e+000
9.565598e+002,2.122829e+000
9.584884e+002,2.113368e+000
9.604169e+002,2.108774e+000
9.623455e+002,2.102940e+000
9.642740e+002,2.096874e+000
9.662025e+002,2.108792e+000
9.681311e+002,2.121449e+000
9.700597e+002,2.130730e+000
9.719882e+002,2.134773e+000
9.739167e+002,2.140815e+000
9.758453e+002,2.139677e+000
9.777738e+002,2.139672e+000
9.797024e+002,2.126824e+000
9.816310e+002,2.124834e+000
9.835594e+002,2.131305e+000
9.854880e+002,2.149610e+000
9.874166e+002,2.152199e+000
9.893451e+002,2.139617e+000
9.912737e+002,2.117283e+000
9.932023e+002,2.139153e+000
9.951307e+002,2.161462e+000
9.970593e+002,2.152182e+000
9.989879e+002,2.157171e+000
1.000916e+003,2.172403e+000
1.002845e+003,2.181941e+000
1.004774e+003,2.172140e+000
1.006702e+003,2.175178e+000
1.008631e+003,2.184538e+000
1.010559e+003,2.182075e+000
1.012488e+003,2.171951e+000
1.014416e+003,2.180923e+000
1.016345e+003,2.158960e+000
1.018273e+003,2.142969e+000
1.020202e+003,2.138641e+000
1.022130e+003,2.136172e+000
1.024059e+003,2.120077e+000
1.025988e+003,2.115647e+000
1.027916e+003,2.104185e+000
1.029845e+003,2.075304e+000
1.031773e+003,2.066869e+000
1.033702e+003,2.053887e+000
1.035630e+003,2.035061e+000
1.037559e+003,2.018036e+000
1.039487e+003,1.988860e+000
1.041416e+003,1.956434e+000
1.043344e+003,1.920861e+000
1.045273e+003,1.881398e+000
1.047202e+003,1.851490e+000
1.049130e+003,1.820062e+000
1.051059e+003,1.790418e+000
1.052987e+003,1.759750e+000
1.054916e+003,1.717796e+000
1.056844e+003,1.679179e+000
1.058773e+003,1.645934e+000
1.060701e+003,1.614827e+000
1.062630e+003,1.585474e+000
1.064558e+003,1.555632e+000
1.066487e+003,1.518562e+000
1.068416e+003,1.479493e+000
1.070344e+003,1.451110e+000
1.072273e+003,1.432376e+000
1.074201e+003,1.414077e+000
1.076130e+003,1.390772e+000
1.078058e+003,1.364829e+000
1.079987e+003,1.337922e+000
1.081915e+003,1.316770e+000
1.083844e+003,1.296173e+000
1.085773e+003,1.275729e+000
1.087701e+003,1.256624e+000
1.089630e+003,1.238191e+000
1.091558e+003,1.219831e+000
1.093487e+003,1.199893e+000
1.095415e+003,1.176819e+000
1.097344e+003,1.153325e+000
1.099272e+003,1.131241e+000
1.101201e+003,1.114324e+000
1.103129e+003,1.101328e+000
1.105058e+003,1.090146e+000
1.106987e+003,1.078251e+000
1.108915e+003,1.067975e+000
1.110844e+003,1.059723e+000
1.112772e+003,1.055173e+000
1.114701e+003,1.050926e+000
1.116629e+003,1.051796e+000
1.118558e+003,1.060898e+000
1.120486e+003,1.073253e+000
1.122415e+003,1.078847e+000
1.124344e+003,1.068276e+000
1.126272e+003,1.048703e+000
1.128201e+003,1.026539e+000
1.130129e+003,1.007429e+000
1.132058e+003,9.914160e-001
1.133986e+003,9.759743e-001
1.135915e+003,9.635898e-001
1.137843e+003,9.536669e-001
1.139772e+003,9.465160e-001
1.141700e+003,9.403101e-001
1.143629e+003,9.360684e-001
1.145557e+003,9.334305e-001
1.147486e+003,9.316322e-001
1.149415e+003,9.305883e-001
1.151343e+003,9.302199e-001
1.153272e+003,9.299380e-001
1.155200e+003,9.278112e-001
1.157129e+003,9.238188e-001
1.159057e+003,9.195800e-001
1.160986e+003,9.157485e-001
1.162914e+003,9.122818e-001
1.164843e+003,9.094397e-001
1.166771e+003,9.061955e-001
1.168700e+003,9.023986e-001
1.170629e+003,9.017957e-001
1.172557e+003,9.019955e-001
1.174486e+003,9.006765e-001
1.176414e+003,8.998848e-001
1.178343e+003,8.994200e-001
1.180271e+003,8.977237e-001
1.182200e+003,8.941435e-001
1.184128e+003,8.884930e-001
1.186057e+003,8.823432e-001
1.187986e+003,8.744447e-001
1.189914e+003,8.655089e-001
1.191843e+003,8.565541e-001
1.193771e+003,8.480795e-001
1.195700e+003,8.412184e-001
1.197628e+003,8.364301e-001
1.199557e+003,8.337736e-001
1.201485e+003,8.334806e-001
1.203414e+003,8.347223e-001
1.205343e+003,8.367181e-001
1.207271e+003,8.378739e-001
1.209200e+003,8.389041e-001
1.211128e+003,8.400254e-001
1.213057e+003,8.411593e-001
1.214985e+003,8.413198e-001
1.216914e+003,8.404340e-001
1.218842e+003,8.383096e-001
1.220771e+003,8.336305e-001
1.222699e+003,8.251444e-001
1.224628e+003,8.139348e-001
1.226557e+003,8.008824e-001
1.228485e+003,7.874253e-001
1.230414e+003,7.736183e-001
1.232342e+003,7.610519e-001
1.234271e+003,7.491614e-001
1.236199e+003,7.379186e-001
1.238128e+003,7.280761e-001
1.240056e+003,7.189373e-001
1.241985e+003,7.096353e-001
1.243913e+003,7.002930e-001
1.245842e+003,6.900361e-001
1.247771e+003,6.789510e-001
1.249699e+003,6.684541e-001
1.251628e+003,6.584413e-001
1.253556e+003,6.489195e-001
1.255485e+003,6.405817e-001
1.257413e+003,6.330264e-001
1.259342e+003,6.270085e-001
1.261270e+003,6.220155e-001
1.263199e+003,6.185549e-001
1.265127e+003,6.172107e-001
1.267056e+003,6.170598e-001
1.268985e+003,6.176112e-001
1.270913e+003,6.193477e-001
1.272842e+003,6.222630e-001
1.274770e+003,6.264071e-001
1.276699e+003,6.308907e-001
1.278627e+003,6.341746e-001
1.280556e+003,6.356837e-001
1.282484e+003,6.363639e-001
1.284413e+003,6.359633e-001
1.286342e+003,6.338363e-001
1.288270e+003,6.301560e-001
1.290199e+003,6.258783e-001
1.292127e+003,6.212939e-001
1.294056e+003,6.165223e-001
1.295984e+003,6.114030e-001
1.297913e+003,6.063256e-001
1.299841e+003,6.012135e-001
1.301770e+003,5.962331e-001
1.303698e+003,5.915580e-001
1.305627e+003,5.870647e-001
1.307556e+003,5.825189e-001
1.309484e+003,5.780883e-001
1.311413e+003,5.735955e-001
1.313341e+003,5.697242e-001
1.315270e+003,5.655876e-001
1.317198e+003,5.606618e-001
1.319127e+003,5.555387e-001
1.321055e+003,5.502571e-001
1.322984e+003,5.441052e-001
1.324912e+003,5.374224e-001
1.326841e+003,5.305561e-001
1.328770e+003,5.234639e-001
1.330698e+003,5.160932e-001
1.332627e+003,5.091922e-001
1.334555e+003,5.027910e-001
1.336484e+003,4.971144e-001
1.338412e+003,4.917224e-001
1.340341e+003,4.866467e-001
1.342269e+003,4.822518e-001
1.344198e+003,4.780501e-001
1.346126e+003,4.743229e-001
1.348055e+003,4.708476e-001
1.349984e+003,4.672835e-001
1.351912e+003,4.636099e-001
1.353841e+003,4.597497e-001
1.355769e+003,4.560498e-001
1.357698e+003,4.527163e-001
1.359626e+003,4.494541e-001
1.361555e+003,4.460543e-001
1.363483e+003,4.430821e-001
1.365412e+003,4.406106e-001
1.367341e+003,4.388297e-001
1.369269e+003,4.377787e-001
1.371198e+003,4.378503e-001
1.373126e+003,4.390240e-001
1.375055e+003,4.402423e-001
1.376983e+003,4.419459e-001
1.378912e+003,4.442396e-001
1.380840e+003,4.464321e-001
1.382769e+003,4.484599e-001
1.384698e+003,4.496888e-001
1.386626e+003,4.499555e-001
1.388555e+003,4.492381e-001
1.390483e+003,4.469014e-001
1.392412e+003,4.434421e-001
1.394340e+003,4.394794e-001
1.396269e+003,4.343145e-001
1.398197e+003,4.289491e-001
1.400126e+003,4.239842e-001
1.402054e+003,4.190583e-001
1.403983e+003,4.144786e-001
1.405911e+003,4.113022e-001
1.407840e+003,4.092714e-001
1.409769e+003,4.083886e-001
1.411697e+003,4.081064e-001
1.413626e+003,4.076853e-001
1.415554e+003,4.071995e-001
1.417483e+003,4.063629e-001
1.419411e+003,4.042740e-001
1.421340e+003,4.009540e-001
1.423268e+003,3.955546e-001
1.425197e+003,3.880295e-001
1.427125e+003,3.790732e-001
1.429054e+003,3.695703e-001
1.430983e+003,3.597696e-001
1.432911e+003,3.496792e-001
1.434840e+003,3.403713e-001
1.436768e+003,3.316142e-001
1.438697e+003,3.228771e-001
1.440625e+003,3.148367e-001
1.442554e+003,3.070067e-001
1.444482e+003,2.997079e-001
1.446411e+003,2.933072e-001
1.448340e+003,2.880233e-001
1.450268e+003,2.837823e-001
1.452197e+003,2.805016e-001
1.454125e+003,2.783427e-001
1.456054e+003,2.777509e-001
1.457982e+003,2.781567e-001
1.459911e+003,2.791231e-001
1.461839e+003,2.808721e-001
1.463768e+003,2.825106e-001
1.465697e+003,2.839790e-001
1.467625e+003,2.854750e-001
1.469554e+003,2.864405e-001
1.471482e+003,2.867565e-001
1.473411e+003,2.859382e-001
1.475339e+003,2.841658e-001
1.477268e+003,2.814988e-001
1.479196e+003,2.779935e-001
1.481125e+003,2.740868e-001
1.483053e+003,2.700316e-001
1.484982e+003,2.658718e-001
1.486911e+003,2.619157e-001
1.488839e+003,2.579260e-001
1.490768e+003,2.540802e-001
1.492696e+003,2.505588e-001
1.494625e+003,2.471217e-001
1.496553e+003,2.439392e-001
1.498482e+003,2.414611e-001
1.500410e+003,2.392379e-001
1.502339e+003,2.369617e-001
1.504267e+003,2.347066e-001
1.506196e+003,2.326894e-001
1.508125e+003,2.312741e-001
1.510053e+003,2.304901e-001
1.511982e+003,2.303892e-001
1.513910e+003,2.308707e-001
1.515839e+003,2.318262e-001
1.517767e+003,2.330739e-001
1.519696e+003,2.344136e-001
1.521624e+003,2.356961e-001
1.523553e+003,2.368544e-001
1.525481e+003,2.379127e-001
1.527410e+003,2.388034e-001
1.529339e+003,2.397719e-001
1.531267e+003,2.405346e-001
1.533196e+003,2.409790e-001
1.535124e+003,2.410666e-001
1.537053e+003,2.408066e-001
1.538981e+003,2.404013e-001
1.540910e+003,2.401054e-001
1.542838e+003,2.398301e-001
1.544767e+003,2.396052e-001
1.546696e+003,2.394071e-001
1.548624e+003,2.393121e-001
1.550553e+003,2.391335e-001
1.552481e+003,2.390880e-001
1.554410e+003,2.392986e-001
1.556338e+003,2.396245e-001
1.558267e+003,2.400531e-001
1.560195e+003,2.404514e-001
1.562124e+003,2.407446e-001
1.564052e+003,2.405576e-001
1.565981e+003,2.398393e-001
1.567910e+003,2.392088e-001
1.569838e+003,2.385973e-001
1.571767e+003,2.381142e-001
1.573695e+003,2.379909e-001
1.575624e+003,2.387641e-001
1.577552e+003,2.400907e-001
1.579481e+003,2.416887e-001
1.581409e+003,2.440211e-001
1.583338e+003,2.468954e-001
1.585266e+003,2.499814e-001
1.587195e+003,2.531322e-001
1.589124e+003,2.559341e-001
1.591052e+003,2.578301e-001
1.592981e+003,2.586553e-001
1.594909e+003,2.584760e-001
1.596838e+003,2.574131e-001
1.598766e+003,2.555209e-001
1.600695e+003,2.531937e-001
1.602623e+003,2.505109e-001
1.604552e+003,2.476884e-001
1.606480e+003,2.449854e-001
1.608409e+003,2.422719e-001
1.610338e+003,2.396577e-001
1.612266e+003,2.373450e-001
1.614195e+003,2.353103e-001
1.616123e+003,2.337359e-001
1.618052e+003,2.326768e-001
1.619980e+003,2.318251e-001
1.621909e+003,2.310262e-001
1.623837e+003,2.305683e-001
1.625766e+003,2.305359e-001
1.627695e+003,2.305820e-001
1.629623e+003,2.309698e-001
1.631552e+003,2.318238e-001
1.633480e+003,2.331757e-001
1.635409e+003,2.350589e-001
1.637337e+003,2.371131e-001
1.639266e+003,2.400605e-001
1.641194e+003,2.433892e-001
1.643123e+003,2.475079e-001
1.645052e+003,2.529016e-001
1.646980e+003,2.593555e-001
1.648909e+003,2.669924e-001
1.650837e+003,2.760974e-001
1.652766e+003,2.865985e-001
1.654694e+003,2.986175e-001
1.656623e+003,3.120295e-001
1.658551e+003,3.268102e-001
1.660480e+003,3.423668e-001
1.662408e+003,3.581252e-001
1.664337e+003,3.732685e-001
1.666266e+003,3.867104e-001
1.668194e+003,3.980674e-001
1.670123e+003,4.070705e-001
1.672051e+003,4.135307e-001
1.673980e+003,4.174309e-001
1.675908e+003,4.192823e-001
1.677837e+003,4.203691e-001
1.679765e+003,4.210148e-001
1.681694e+003,4.207050e-001
1.683622e+003,4.195377e-001
1.685551e+003,4.184185e-001
1.687479e+003,4.182228e-001
1.689408e+003,4.193475e-001
1.691337e+003,4.222410e-001
1.693265e+003,4.268734e-001
1.695194e+003,4.325821e-001
1.697122e+003,4.390784e-001
1.699051e+003,4.460273e-001
1.700979e+003,4.535354e-001
1.702908e+003,4.607158e-001
1.704836e+003,4.673809e-001
1.706765e+003,4.737245e-001
1.708694e+003,4.800915e-001
1.710622e+003,4.856750e-001
1.712551e+003,4.904675e-001
1.714479e+003,4.948013e-001
1.716408e+003,4.989803e-001
1.718336e+003,5.034214e-001
1.720265e+003,5.078481e-001
1.722193e+003,5.117741e-001
1.724122e+003,5.158976e-001
1.726051e+003,5.203704e-001
1.727979e+003,5.250383e-001
1.729908e+003,5.301890e-001
1.731836e+003,5.364062e-001
1.733765e+003,5.430638e-001
1.735693e+003,5.504227e-001
1.737622e+003,5.592887e-001
1.739550e+003,5.702866e-001
1.741479e+003,5.834176e-001
1.743407e+003,5.981461e-001
1.745336e+003,6.136803e-001
1.747265e+003,6.297921e-001
1.749193e+003,6.462347e-001
1.751122e+003,6.631659e-001
1.753050e+003,6.807730e-001
1.754979e+003,6.980094e-001
1.756907e+003,7.149407e-001
1.758836e+003,7.326121e-001
1.760764e+003,7.505109e-001
1.762693e+003,7.691342e-001
1.764621e+003,7.881786e-001
1.766550e+003,8.075079e-001
1.768479e+003,8.258286e-001
1.770407e+003,8.421385e-001
1.772336e+003,8.567058e-001
1.774264e+003,8.703899e-001
1.776193e+003,8.815147e-001
1.778121e+003,8.898889e-001
1.780050e+003,8.955498e-001
1.781978e+003,8.972021e-001
1.783907e+003,8.935042e-001
1.785835e+003,8.832183e-001
1.787764e+003,8.670925e-001
1.789693e+003,8.473361e-001
1.791621e+003,8.242624e-001
1.793550e+003,8.001314e-001
1.795478e+003,7.769030e-001
1.797407e+003,7.561116e-001
1.799335e+003,7.379341e-001
1.801264e+003,7.221732e-001
1.803192e+003,7.078935e-001
1.805121e+003,6.952562e-001
1.807049e+003,6.838630e-001
1.808978e+003,6.728637e-001
1.810907e+003,6.616468e-001
1.812835e+003,6.514793e-001
1.814764e+003,6.430294e-001
1.816692e+003,6.359674e-001
1.818621e+003,6.301092e-001
1.820549e+003,6.254696e-001
1.822478e+003,6.219632e-001
1.824406e+003,6.191587e-001
1.826335e+003,6.172297e-001
1.828264e+003,6.159056e-001
1.830192e+003,6.146966e-001
1.832121e+003,6.129366e-001
1.834049e+003,6.101103e-001
1.835978e+003,6.065432e-001
1.837906e+003,6.020826e-001
1.839835e+003,5.971938e-001
1.841763e+003,5.912355e-001
1.843692e+003,5.843232e-001
1.845620e+003,5.765064e-001
1.847549e+003,5.684552e-001
1.849478e+003,5.599263e-001
1.851406e+003,5.513038e-001
1.853335e+003,5.430092e-001
1.855263e+003,5.353464e-001
1.857192e+003,5.282937e-001
1.859120e+003,5.220539e-001
1.861049e+003,5.159624e-001
1.862977e+003,5.099960e-001
1.864906e+003,5.037423e-001
1.866834e+003,4.974548e-001
1.868763e+003,4.913586e-001
1.870692e+003,4.861746e-001
1.872620e+003,4.822844e-001
1.874549e+003,4.796911e-001
1.876477e+003,4.786774e-001
1.878406e+003,4.784595e-001
1.880334e+003,4.785492e-001
1.882263e+003,4.789739e-001
1.884191e+003,4.795806e-001
1.886120e+003,4.795592e-001
1.888048e+003,4.790159e-001
1.889977e+003,4.787971e-001
1.891906e+003,4.789717e-001
1.893834e+003,4.794870e-001
1.895763e+003,4.804550e-001
1.897691e+003,4.820196e-001
1.899620e+003,4.841769e-001
1.901548e+003,4.865841e-001
1.903477e+003,4.889906e-001
1.905405e+003,4.917382e-001
1.907334e+003,4.940996e-001
1.909263e+003,4.960219e-001
1.911191e+003,4.972326e-001
1.913120e+003,4.969719e-001
1.915048e+003,4.955963e-001
1.916977e+003,4.926547e-001
1.918905e+003,4.876641e-001
1.920834e+003,4.812326e-001
1.922762e+003,4.736799e-001
1.924691e+003,4.650532e-001
1.926620e+003,4.558249e-001
1.928548e+003,4.472528e-001
1.930477e+003,4.396318e-001
1.932405e+003,4.329413e-001
1.934334e+003,4.273381e-001
1.936262e+003,4.222243e-001
1.938191e+003,4.171183e-001
1.940119e+003,4.118202e-001
1.942048e+003,4.060498e-001
1.943976e+003,3.995292e-001
1.945905e+003,3.924013e-001
1.947833e+003,3.850760e-001
1.949762e+003,3.779410e-001
1.951691e+003,3.711846e-001
1.953619e+003,3.650083e-001
1.955548e+003,3.594152e-001
1.957476e+003,3.540384e-001
1.959405e+003,3.491929e-001
1.961333e+003,3.447447e-001
1.963262e+003,3.403531e-001
1.965190e+003,3.365659e-001
1.967119e+003,3.333875e-001
1.969047e+003,3.306200e-001
1.970976e+003,3.281338e-001
1.972905e+003,3.261104e-001
1.974833e+003,3.246671e-001
1.976762e+003,3.237492e-001
1.978690e+003,3.228439e-001
1.980619e+003,3.222750e-001
1.982547e+003,3.221015e-001
1.984476e+003,3.223111e-001
1.986404e+003,3.230683e-001
1.988333e+003,3.241965e-001
1.990262e+003,3.252759e-001
1.992190e+003,3.266759e-001
1.994119e+003,3.286121e-001
1.996047e+003,3.306997e-001
1.997976e+003,3.328058e-001
1.999904e+003,3.353549e-001
2.001833e+003,3.380297e-001
2.003761e+003,3.408603e-001
2.005690e+003,3.442221e-001
2.007619e+003,3.476451e-001
2.009547e+003,3.510699e-001
2.011476e+003,3.545528e-001
2.013404e+003,3.578900e-001
2.015333e+003,3.610382e-001
2.017261e+003,3.636212e-001
2.019190e+003,3.655556e-001
2.021118e+003,3.659161e-001
2.023047e+003,3.643670e-001
2.024975e+003,3.605365e-001
2.026904e+003,3.546439e-001
2.028833e+003,3.474638e-001
2.030761e+003,3.395989e-001
2.032690e+003,3.312356e-001
2.034618e+003,3.223743e-001
2.036547e+003,3.133212e-001
2.038475e+003,3.037856e-001
2.040404e+003,2.934675e-001
2.042332e+003,2.821893e-001
2.044261e+003,2.700624e-001
2.046189e+003,2.573380e-001
2.048118e+003,2.442516e-001
2.050046e+003,2.312599e-001
2.051975e+003,2.190785e-001
2.053904e+003,2.079259e-001
2.055832e+003,1.978012e-001
2.057761e+003,1.889942e-001
2.059689e+003,1.815138e-001
2.061618e+003,1.750765e-001
2.063546e+003,1.694990e-001
2.065475e+003,1.646976e-001
2.067403e+003,1.604333e-001
2.069332e+003,1.568470e-001
2.071260e+003,1.537236e-001
2.073189e+003,1.509097e-001
2.075118e+003,1.484739e-001
2.077046e+003,1.462485e-001
2.078975e+003,1.440165e-001
2.080903e+003,1.420022e-001
2.082832e+003,1.401657e-001
2.084760e+003,1.384185e-001
2.086689e+003,1.367868e-001
2.088617e+003,1.352140e-001
2.090546e+003,1.338356e-001
2.092475e+003,1.326467e-001
2.094403e+003,1.315013e-001
2.096332e+003,1.303258e-001
2.098260e+003,1.291756e-001
2.100189e+003,1.281503e-001
2.102117e+003,1.271862e-001
2.104046e+003,1.262426e-001
2.105974e+003,1.255791e-001
2.107903e+003,1.249831e-001
2.109832e+003,1.242812e-001
2.111760e+003,1.235315e-001
2.113688e+003,1.226512e-001
2.115617e+003,1.220273e-001
2.117546e+003,1.214409e-001
2.119474e+003,1.208503e-001
2.121403e+003,1.202003e-001
2.123331e+003,1.195713e-001
2.125260e+003,1.189964e-001
2.127188e+003,1.183885e-001
2.129117e+003,1.177941e-001
2.131045e+003,1.169888e-001
2.132974e+003,1.162354e-001
2.134903e+003,1.156575e-001
2.136831e+003,1.151215e-001
2.138760e+003,1.147418e-001
2.140688e+003,1.143285e-001
2.142617e+003,1.137776e-001
2.144545e+003,1.130729e-001
2.146474e+003,1.124857e-001
2.148402e+003,1.119211e-001
2.150331e+003,1.112222e-001
2.152260e+003,1.107360e-001
2.154188e+003,1.103116e-001
2.156117e+003,1.098453e-001
2.158045e+003,1.092246e-001
2.159974e+003,1.085126e-001
2.161902e+003,1.080675e-001
2.163831e+003,1.076842e-001
2.165759e+003,1.071270e-001
2.167688e+003,1.064374e-001
2.169616e+003,1.060494e-001
2.171545e+003,1.058111e-001
2.173474e+003,1.054084e-001
2.175402e+003,1.048514e-001
2.177331e+003,1.043080e-001
2.179259e+003,1.038898e-001
2.181188e+003,1.033784e-001
2.183116e+003,1.027042e-001
2.185045e+003,1.023454e-001
2.186973e+003,1.020167e-001
2.188902e+003,1.014869e-001
2.190831e+003,1.009593e-001
2.192759e+003,1.005075e-001
2.194688e+003,1.000079e-001
2.196616e+003,9.952373e-002
2.198545e+003,9.907791e-002
2.200473e+003,9.864489e-002
2.202402e+003,9.821472e-002
2.204330e+003,9.772019e-002
2.206259e+003,9.728264e-002
2.208188e+003,9.678913e-002
2.210116e+003,9.622484e-002
2.212044e+003,9.562210e-002
2.213973e+003,9.513885e-002
2.215902e+003,9.470125e-002
2.217830e+003,9.432461e-002
2.219759e+003,9.402893e-002
2.221687e+003,9.365399e-002
2.223616e+003,9.323399e-002
2.225544e+003,9.269649e-002
2.227473e+003,9.216297e-002
2.229401e+003,9.169766e-002
2.231330e+003,9.129627e-002
2.233259e+003,9.085236e-002
2.235187e+003,9.057450e-002
2.237116e+003,9.040804e-002
2.239044e+003,8.999304e-002
2.240973e+003,8.942061e-002
2.242901e+003,8.912203e-002
2.244830e+003,8.878844e-002
2.246758e+003,8.840102e-002
2.248687e+003,8.787972e-002
2.250615e+003,8.742823e-002
2.252544e+003,8.706857e-002
2.254473e+003,8.686386e-002
2.256401e+003,8.657800e-002
2.258330e+003,8.605492e-002
2.260258e+003,8.568050e-002
2.262187e+003,8.540678e-002
2.264115e+003,8.496163e-002
2.266044e+003,8.465261e-002
2.267972e+003,8.433878e-002
2.269901e+003,8.398979e-002
2.271830e+003,8.371171e-002
2.273758e+003,8.332557e-002
2.275687e+003,8.291455e-002
2.277615e+003,8.242844e-002
2.279544e+003,8.189482e-002
2.281472e+003,8.142360e-002
2.283401e+003,8.129600e-002
2.285329e+003,8.111069e-002
2.287258e+003,8.079594e-002
2.289187e+003,8.061244e-002
2.291115e+003,8.030517e-002
2.293043e+003,7.990170e-002
2.294972e+003,7.955447e-002
2.296901e+003,7.946537e-002
2.298829e+003,7.941397e-002
2.300758e+003,7.931589e-002
2.302686e+003,7.927090e-002
2.304615e+003,7.932658e-002
2.306543e+003,7.936405e-002
2.308472e+003,7.941390e-002
2.310400e+003,7.956529e-002
2.312329e+003,7.983026e-002
2.314258e+003,8.009642e-002
2.316186e+003,8.042411e-002
2.318115e+003,8.089488e-002
2.320043e+003,8.143914e-002
2.321972e+003,8.183089e-002
2.323900e+003,8.189486e-002
2.325829e+003,8.179809e-002
2.327757e+003,8.181165e-002
2.329686e+003,8.189030e-002
2.331615e+003,8.183901e-002
2.333543e+003,8.175329e-002
2.335472e+003,8.178180e-002
2.337400e+003,8.166163e-002
2.339329e+003,8.146896e-002
2.341257e+003,8.120631e-002
2.343186e+003,8.082635e-002
2.345114e+003,7.953084e-002
2.347043e+003,7.680911e-002
2.348971e+003,7.542371e-002
2.350900e+003,7.705036e-002
2.352829e+003,7.934596e-002
2.354757e+003,8.086726e-002
2.356686e+003,8.155739e-002
2.358614e+003,8.154012e-002
2.360543e+003,8.123168e-002
2.362471e+003,8.106660e-002
2.364400e+003,8.025858e-002
2.366328e+003,7.918024e-002
2.368257e+003,7.816677e-002
2.370186e+003,7.685075e-002
2.372114e+003,7.513523e-002
2.374042e+003,7.352161e-002
2.375971e+003,7.175670e-002
2.377900e+003,6.976344e-002
2.379828e+003,6.808853e-002
2.381757e+003,6.685035e-002
2.383685e+003,6.590805e-002
2.385614e+003,6.528743e-002
2.387542e+003,6.501329e-002
2.389471e+003,6.489754e-002
2.391399e+003,6.464511e-002
2.393328e+003,6.419868e-002
2.395257e+003,6.387222e-002
2.397185e+003,6.355125e-002
2.399114e+003,6.333970e-002
2.401042e+003,6.314094e-002
2.402971e+003,6.284992e-002
2.404899e+003,6.256155e-002
2.406828e+003,6.227628e-002
2.408756e+003,6.203798e-002
2.410685e+003,6.179377e-002
2.412614e+003,6.141617e-002
2.414542e+003,6.102761e-002
2.416471e+003,6.076351e-002
2.418399e+003,6.045919e-002
2.420328e+003,6.019155e-002
2.422256e+003,6.006220e-002
2.424185e+003,5.975325e-002
2.426113e+003,5.951043e-002
2.428042e+003,5.932716e-002
2.429970e+003,5.912388e-002
2.431899e+003,5.903011e-002
2.433828e+003,5.885330e-002
2.435756e+003,5.852784e-002
2.437685e+003,5.826043e-002
2.439613e+003,5.806258e-002
2.441542e+003,5.785016e-002
2.443470e+003,5.759755e-002
2.445399e+003,5.742170e-002
2.447327e+003,5.732697e-002
2.449256e+003,5.717758e-002
2.451185e+003,5.691546e-002
2.453113e+003,5.673664e-002
2.455042e+003,5.664222e-002
2.456970e+003,5.639850e-002
2.458899e+003,5.629656e-002
2.460827e+003,5.619515e-002
2.462756e+003,5.598398e-002
2.464684e+003,5.595850e-002
2.466613e+003,5.594923e-002
2.468542e+003,5.579341e-002
2.470470e+003,5.569184e-002
2.472398e+003,5.545532e-002
2.474327e+003,5.526058e-002
2.476256e+003,5.516918e-002
2.478184e+003,5.507107e-002
2.480113e+003,5.496720e-002
2.482041e+003,5.494197e-002
2.483970e+003,5.490926e-002
2.485898e+003,5.471446e-002
2.487827e+003,5.456055e-002
2.489755e+003,5.447978e-002
2.491684e+003,5.426054e-002
2.493613e+003,5.386644e-002
2.495541e+003,5.363987e-002
2.497470e+003,5.362555e-002
2.499398e+003,5.339400e-002
2.501327e+003,5.310372e-002
2.503255e+003,5.286512e-002
2.505184e+003,5.252784e-002
2.507112e+003,5.222812e-002
2.509041e+003,5.205417e-002
2.510969e+003,5.169968e-002
2.512898e+003,5.131084e-002
2.514827e+003,5.120670e-002
2.516755e+003,5.115843e-002
2.518684e+003,5.102679e-002
2.520612e+003,5.094809e-002
2.522541e+003,5.074605e-002
2.524469e+003,5.049233e-002
2.526398e+003,5.038370e-002
2.528326e+003,5.030118e-002
2.530255e+003,5.019125e-002
2.532184e+003,5.022439e-002
2.534112e+003,5.012963e-002
2.536041e+003,4.986222e-002
2.537969e+003,4.974390e-002
2.539898e+003,4.964196e-002
2.541826e+003,4.946094e-002
2.543755e+003,4.940570e-002
2.545683e+003,4.938331e-002
2.547612e+003,4.927377e-002
2.549541e+003,4.922619e-002
2.551469e+003,4.910794e-002
2.553397e+003,4.899880e-002
2.555326e+003,4.887760e-002
2.557255e+003,4.884690e-002
2.559183e+003,4.879444e-002
2.561112e+003,4.857250e-002
2.563040e+003,4.833882e-002
2.564969e+003,4.830393e-002
2.566897e+003,4.829900e-002
2.568826e+003,4.817682e-002
2.570754e+003,4.808968e-002
2.572683e+003,4.800737e-002
2.574612e+003,4.788582e-002
2.576540e+003,4.783661e-002
2.578469e+003,4.778379e-002
2.580397e+003,4.758939e-002
2.582326e+003,4.736267e-002
2.584254e+003,4.724237e-002
2.586183e+003,4.733736e-002
2.588111e+003,4.733761e-002
2.590040e+003,4.727521e-002
2.591969e+003,4.726394e-002
2.593897e+003,4.724119e-002
2.595826e+003,4.724754e-002
2.597754e+003,4.717673e-002
2.599683e+003,4.704961e-002
2.601611e+003,4.691630e-002
2.603540e+003,4.682683e-002
2.605468e+003,4.683554e-002
2.607397e+003,4.679166e-002
2.609325e+003,4.670586e-002
2.611254e+003,4.654492e-002
2.613183e+003,4.638871e-002
2.615111e+003,4.647094e-002
2.617040e+003,4.645475e-002
2.618968e+003,4.636209e-002
2.620897e+003,4.621579e-002
2.622825e+003,4.601981e-002
2.624754e+003,4.578890e-002
2.626682e+003,4.552367e-002
2.628611e+003,4.527507e-002
2.630540e+003,4.510473e-002
2.632468e+003,4.505190e-002
2.634396e+003,4.491483e-002
2.636325e+003,4.467334e-002
2.638254e+003,4.440614e-002
2.640182e+003,4.427235e-002
2.642111e+003,4.395213e-002
2.644039e+003,4.362991e-002
2.645968e+003,4.336669e-002
2.647896e+003,4.308508e-002
2.649825e+003,4.285064e-002
2.651753e+003,4.263007e-002
2.653682e+003,4.240562e-002
2.655611e+003,4.220054e-002
2.657539e+003,4.197935e-002
2.659468e+003,4.183591e-002
2.661396e+003,4.174660e-002
2.663325e+003,4.169524e-002
2.665253e+003,4.142218e-002
2.667182e+003,4.125491e-002
2.669110e+003,4.122369e-002
2.671039e+003,4.113225e-002
2.672968e+003,4.091222e-002
2.674896e+003,4.073732e-002
2.676825e+003,4.060884e-002
2.678753e+003,4.045093e-002
2.680682e+003,4.036708e-002
2.682610e+003,4.027684e-002
2.684539e+003,4.023081e-002
2.686467e+003,4.023194e-002
2.688396e+003,4.009387e-002
2.690324e+003,3.984691e-002
2.692253e+003,3.970021e-002
2.694182e+003,3.965559e-002
2.696110e+003,3.954419e-002
2.698039e+003,3.937166e-002
2.699967e+003,3.922073e-002
2.701896e+003,3.907961e-002
2.703824e+003,3.898862e-002
2.705753e+003,3.879808e-002
2.707681e+003,3.857087e-002
2.709610e+003,3.834562e-002
2.711539e+003,3.810967e-002
2.713467e+003,3.791521e-002
2.715396e+003,3.770989e-002
2.717324e+003,3.738736e-002
2.719253e+003,3.715182e-002
2.721181e+003,3.704907e-002
2.723110e+003,3.687669e-002
2.725038e+003,3.668015e-002
2.726967e+003,3.653488e-002
2.728896e+003,3.651679e-002
2.730824e+003,3.628360e-002
2.732752e+003,3.603210e-002
2.734681e+003,3.584958e-002
2.736610e+003,3.579621e-002
2.738538e+003,3.571048e-002
2.740467e+003,3.565484e-002
2.742395e+003,3.556417e-002
2.744324e+003,3.544015e-002
2.746252e+003,3.538936e-002
2.748181e+003,3.535927e-002
2.750109e+003,3.531715e-002
2.752038e+003,3.516356e-002
2.753967e+003,3.501883e-002
2.755895e+003,3.499728e-002
2.757824e+003,3.486104e-002
2.759752e+003,3.484553e-002
2.761681e+003,3.474038e-002
2.763609e+003,3.450599e-002
2.765538e+003,3.434628e-002
2.767466e+003,3.431002e-002
2.769395e+003,3.429621e-002
2.771323e+003,3.426452e-002
2.773252e+003,3.421099e-002
2.775181e+003,3.410009e-002
2.777109e+003,3.388954e-002
2.779038e+003,3.373001e-002
2.780966e+003,3.343622e-002
2.782895e+003,3.322360e-002
2.784823e+003,3.312685e-002
2.786752e+003,3.276715e-002
2.788680e+003,3.258310e-002
2.790609e+003,3.250054e-002
2.792538e+003,3.234391e-002
2.794466e+003,3.218406e-002
2.796395e+003,3.190033e-002
2.798323e+003,3.166066e-002
2.800252e+003,3.152578e-002
2.802180e+003,3.143761e-002
2.804109e+003,3.126467e-002
2.806037e+003,3.099456e-002
2.807966e+003,3.094510e-002
2.809895e+003,3.080219e-002
2.811823e+003,3.060771e-002
2.813751e+003,3.047988e-002
2.815680e+003,3.038126e-002
2.817609e+003,3.038190e-002
2.819537e+003,3.046257e-002
2.821466e+003,3.030895e-002
2.823394e+003,3.020426e-002
2.825323e+003,3.026219e-002
2.827251e+003,3.019389e-002
2.829180e+003,3.007750e-002
2.831108e+003,3.003795e-002
2.833037e+003,3.001313e-002
2.834966e+003,2.988590e-002
2.836894e+003,2.983199e-002
2.838823e+003,2.980097e-002
2.840751e+003,2.948255e-002
2.842680e+003,2.926965e-002
2.844608e+003,2.932804e-002
2.846537e+003,2.940812e-002
2.848465e+003,2.928600e-002
2.850394e+003,2.894539e-002
2.852323e+003,2.879277e-002
2.854251e+003,2.881281e-002
2.856180e+003,2.882545e-002
2.858108e+003,2.862732e-002
2.860037e+003,2.850696e-002
2.861965e+003,2.845842e-002
2.863894e+003,2.832953e-002
2.865822e+003,2.833964e-002
2.867751e+003,2.834406e-002
2.869679e+003,2.816973e-002
2.871608e+003,2.805156e-002
2.873537e+003,2.807407e-002
2.875465e+003,2.793536e-002
2.877394e+003,2.770528e-002
2.879322e+003,2.764563e-002
2.881251e+003,2.757530e-002
2.883179e+003,2.728405e-002
2.885108e+003,2.717779e-002
2.887036e+003,2.717850e-002
2.888965e+003,2.720760e-002
2.890894e+003,2.720129e-002
2.892822e+003,2.704130e-002
2.894750e+003,2.692932e-002
2.896679e+003,2.690232e-002
2.898608e+003,2.678506e-002
2.900536e+003,2.658341e-002
2.902465e+003,2.652941e-002
2.904393e+003,2.651314e-002
2.906322e+003,2.669150e-002
2.908250e+003,2.676884e-002
2.910179e+003,2.655435e-002
2.912107e+003,2.651033e-002
2.914036e+003,2.666141e-002
2.915965e+003,2.682689e-002
2.917893e+003,2.691212e-002
2.919822e+003,2.682284e-002
2.921750e+003,2.663132e-002
2.923679e+003,2.665154e-002
2.925607e+003,2.669315e-002
2.927536e+003,2.659666e-002
2.929464e+003,2.646479e-002
2.931393e+003,2.650694e-002
2.933322e+003,2.661755e-002
2.935250e+003,2.654650e-002
2.937179e+003,2.640225e-002
2.939107e+003,2.632363e-002
2.941036e+003,2.621722e-002
2.942964e+003,2.605591e-002
2.944893e+003,2.585503e-002
2.946821e+003,2.569090e-002
2.948750e+003,2.567709e-002
2.950678e+003,2.568679e-002
2.952607e+003,2.574796e-002
2.954536e+003,2.555900e-002
2.956464e+003,2.517874e-002
2.958393e+003,2.505432e-002
2.960321e+003,2.500645e-002
2.962250e+003,2.509919e-002
2.964178e+003,2.530429e-002
2.966107e+003,2.548429e-002
2.968035e+003,2.560563e-002
2.969964e+003,2.548689e-002
2.971893e+003,2.542150e-002
2.973821e+003,2.560447e-002
2.975750e+003,2.574381e-002
2.977678e+003,2.598538e-002
2.979607e+003,2.612069e-002
2.981535e+003,2.623883e-002
2.983464e+003,2.638373e-002
2.985392e+003,2.643486e-002
2.987321e+003,2.649384e-002
2.989250e+003,2.659849e-002
2.991178e+003,2.669326e-002
2.993106e+003,2.673949e-002
2.995035e+003,2.656661e-002
2.996964e+003,2.648948e-002
2.998892e+003,2.652758e-002
3.000821e+003,2.656365e-002
3.002749e+003,2.649923e-002
3.004678e+003,2.652501e-002
3.006606e+003,2.643669e-002
3.008535e+003,2.614237e-002
3.010463e+003,2.610721e-002
3.012392e+003,2.620951e-002
3.014321e+003,2.597201e-002
3.016249e+003,2.560047e-002
3.018178e+003,2.536579e-002
3.020106e+003,2.533909e-002
3.022035e+003,2.537590e-002
3.023963e+003,2.521080e-002
3.025892e+003,2.494293e-002
3.027820e+003,2.446463e-002
3.029749e+003,2.429248e-002
3.031677e+003,2.439663e-002
3.033606e+003,2.433242e-002
3.035535e+003,2.425131e-002
3.037463e+003,2.402849e-002
3.039392e+003,2.388459e-002
3.041320e+003,2.385326e-002
3.043249e+003,2.375809e-002
3.045177e+003,2.369643e-002
3.047106e+003,2.360245e-002
3.049034e+003,2.357009e-002
3.050963e+003,2.345904e-002
3.052892e+003,2.335148e-002
3.054820e+003,2.328344e-002
3.056749e+003,2.329400e-002
3.058677e+003,2.333263e-002
3.060606e+003,2.340861e-002
3.062534e+003,2.355330e-002
3.064463e+003,2.365269e-002
3.066391e+003,2.361995e-002
3.068320e+003,2.365990e-002
3.070249e+003,2.379260e-002
3.072177e+003,2.363887e-002
3.074105e+003,2.355026e-002
3.076034e+003,2.365927e-002
3.077963e+003,2.363478e-002
3.079891e+003,2.364647e-002
3.081820e+003,2.366658e-002
3.083748e+003,2.369024e-002
3.085677e+003,2.365430e-002
3.087605e+003,2.359406e-002
3.089534e+003,2.350475e-002
3.091462e+003,2.330089e-002
3.093391e+003,2.321063e-002
3.095320e+003,2.329575e-002
3.097248e+003,2.322576e-002
3.099177e+003,2.301004e-002
3.101105e+003,2.288680e-002
3.103034e+003,2.286298e-002
3.104962e+003,2.278298e-002
3.106891e+003,2.281818e-002
3.108819e+003,2.270927e-002
3.110748e+003,2.260127e-002
3.112677e+003,2.269883e-002
3.114605e+003,2.266029e-002
3.116534e+003,2.236580e-002
3.118462e+003,2.213066e-002
3.120391e+003,2.218848e-002
3.122319e+003,2.225313e-002
3.124248e+003,2.221791e-002
3.126176e+003,2.225655e-002
3.128105e+003,2.225195e-002
3.130033e+003,2.216912e-002
3.131962e+003,2.214085e-002
3.133891e+003,2.223437e-002
3.135819e+003,2.231958e-002
3.137748e+003,2.224685e-002
3.139676e+003,2.218276e-002
3.141605e+003,2.220623e-002
3.143533e+003,2.235585e-002
3.145462e+003,2.242734e-002
3.147390e+003,2.250107e-002
3.149319e+003,2.245455e-002
3.151248e+003,2.240759e-002
3.153176e+003,2.263984e-002
3.155104e+003,2.277198e-002
3.157033e+003,2.273916e-002
3.158962e+003,2.269995e-002
3.160890e+003,2.271810e-002
3.162819e+003,2.284671e-002
3.164747e+003,2.284325e-002
3.166676e+003,2.271105e-002
3.168604e+003,2.276322e-002
3.170533e+003,2.275316e-002
3.172461e+003,2.269395e-002
3.174390e+003,2.266081e-002
3.176319e+003,2.276080e-002
3.178247e+003,2.270124e-002
3.180176e+003,2.255858e-002
3.182104e+003,2.255896e-002
3.184033e+003,2.242943e-002
3.185961e+003,2.231549e-002
3.187890e+003,2.237071e-002
3.189818e+003,2.237103e-002
3.191747e+003,2.239220e-002
3.193676e+003,2.235080e-002
3.195604e+003,2.222122e-002
3.197532e+003,2.212679e-002
3.199461e+003,2.217878e-002
3.201390e+003,2.222202e-002
3.203318e+003,2.223901e-002
3.205247e+003,2.230384e-002
3.207175e+003,2.246935e-002
3.209104e+003,2.270875e-002
3.211032e+003,2.275256e-002
3.212961e+003,2.247406e-002
3.214889e+003,2.226516e-002
3.216818e+003,2.244859e-002
3.218747e+003,2.268152e-002
3.220675e+003,2.270271e-002
3.222604e+003,2.283428e-002
3.224532e+003,2.309310e-002
3.226461e+003,2.300896e-002
3.228389e+003,2.296662e-002
3.230318e+003,2.302936e-002
3.232246e+003,2.307583e-002
3.234175e+003,2.297972e-002
3.236104e+003,2.297962e-002
3.238032e+003,2.290849e-002
3.239961e+003,2.283201e-002
3.241889e+003,2.286120e-002
3.243818e+003,2.299932e-002
3.245746e+003,2.292571e-002
3.247675e+003,2.271643e-002
3.249603e+003,2.250110e-002
3.251532e+003,2.234727e-002
3.253460e+003,2.233541e-002
3.255389e+003,2.233632e-002
3.257318e+003,2.231295e-002
3.259246e+003,2.229544e-002
3.261175e+003,2.214967e-002
3.263103e+003,2.181270e-002
3.265032e+003,2.168924e-002
3.266960e+003,2.173212e-002
3.268889e+003,2.169474e-002
3.270817e+003,2.152445e-002
3.272746e+003,2.132569e-002
3.274675e+003,2.132579e-002
3.276603e+003,2.143728e-002
3.278531e+003,2.147449e-002
3.280460e+003,2.136724e-002
3.282389e+003,2.124663e-002
3.284317e+003,2.123497e-002
3.286246e+003,2.124763e-002
3.288174e+003,2.131121e-002
3.290103e+003,2.137577e-002
3.292031e+003,2.150882e-002
3.293960e+003,2.197965e-002
3.295888e+003,2.215661e-002
3.297817e+003,2.207757e-002
3.299746e+003,2.217083e-002
3.301674e+003,2.244032e-002
3.303603e+003,2.274572e-002
3.305531e+003,2.313087e-002
3.307460e+003,2.349867e-002
3.309388e+003,2.386446e-002
3.311317e+003,2.419326e-002
3.313245e+003,2.435412e-002
3.315174e+003,2.469089e-002
3.317103e+003,2.515571e-002
3.319031e+003,2.559938e-002
3.320960e+003,2.594232e-002
3.322888e+003,2.653642e-002
3.324817e+003,2.700128e-002
3.326745e+003,2.735212e-002
3.328674e+003,2.771743e-002
3.330602e+003,2.760439e-002
3.332531e+003,2.686104e-002
3.334459e+003,2.611939e-002
3.336388e+003,2.557871e-002
3.338317e+003,2.495781e-002
3.340245e+003,2.447465e-002
3.342174e+003,2.422065e-002
3.344102e+003,2.373031e-002
3.346031e+003,2.344166e-002
3.347959e+003,2.349702e-002
3.349888e+003,2.365161e-002
3.351816e+003,2.383306e-002
3.353745e+003,2.414148e-002
3.355674e+003,2.434157e-002
3.357602e+003,2.435187e-002
3.359531e+003,2.399099e-002
3.361459e+003,2.341980e-002
3.363388e+003,2.302905e-002
3.365316e+003,2.247908e-002
3.367245e+003,2.194079e-002
3.369173e+003,2.160214e-002
3.371102e+003,2.137448e-002
3.373031e+003,2.099794e-002
3.374959e+003,2.067111e-002
3.376887e+003,2.055631e-002
3.378816e+003,2.048211e-002
3.380745e+003,2.054057e-002
3.382673e+003,2.074225e-002
3.384602e+003,2.069391e-002
3.386530e+003,2.067170e-002
3.388459e+003,2.088324e-002
3.390387e+003,2.095952e-002
3.392316e+003,2.090632e-002
3.394244e+003,2.076299e-002
3.396173e+003,2.079112e-002
3.398102e+003,2.085017e-002
3.400030e+003,2.078541e-002
3.401959e+003,2.084809e-002
3.403887e+003,2.100775e-002
3.405816e+003,2.089123e-002
3.407744e+003,2.070138e-002
3.409673e+003,2.055687e-002
3.411601e+003,2.059800e-002
3.413530e+003,2.044172e-002
3.415458e+003,2.024939e-002
3.417387e+003,2.005894e-002
3.419316e+003,2.007109e-002
3.421244e+003,2.015869e-002
3.423173e+003,2.015008e-002
3.425101e+003,2.007317e-002
3.427030e+003,1.989311e-002
3.428958e+003,1.979926e-002
3.430887e+003,1.973757e-002
3.432815e+003,1.958828e-002
3.434744e+003,1.950122e-002
3.436673e+003,1.947758e-002
3.438601e+003,1.949484e-002
3.440530e+003,1.956357e-002
3.442458e+003,1.966649e-002
3.444387e+003,1.960558e-002
3.446315e+003,1.945939e-002
3.448244e+003,1.968729e-002
3.450172e+003,1.997994e-002
3.452101e+003,1.988954e-002
3.454030e+003,1.963037e-002
3.455958e+003,1.959407e-002
3.457886e+003,1.959258e-002
3.459815e+003,1.954378e-002
3.461744e+003,1.970736e-002
3.463672e+003,1.999632e-002
3.465601e+003,2.013314e-002
3.467529e+003,2.027591e-002
3.469458e+003,2.030178e-002
3.471386e+003,2.031080e-002
3.473315e+003,2.047909e-002
3.475243e+003,2.058626e-002
3.477172e+003,2.053328e-002
3.479101e+003,2.067444e-002
3.481029e+003,2.068042e-002
3.482958e+003,2.058459e-002
3.484886e+003,2.044651e-002
3.486815e+003,2.047187e-002
3.488743e+003,2.057455e-002
3.490672e+003,2.049389e-002
3.492600e+003,2.042359e-002
3.494529e+003,2.047666e-002
3.496458e+003,2.027886e-002
3.498386e+003,2.011558e-002
3.500315e+003,2.018920e-002
3.502243e+003,2.036351e-002
3.504172e+003,2.046113e-002
3.506100e+003,2.033490e-002
3.508029e+003,2.010468e-002
3.509957e+003,2.018625e-002
3.511886e+003,2.018538e-002
3.513814e+003,2.030035e-002
3.515743e+003,2.046325e-002
3.517672e+003,2.055041e-002
3.519600e+003,2.064658e-002
3.521529e+003,2.059428e-002
3.523457e+003,2.056993e-002
3.525386e+003,2.058067e-002
3.527314e+003,2.056514e-002
3.529243e+003,2.051473e-002
3.531171e+003,2.048521e-002
3.533100e+003,2.043460e-002
3.535029e+003,2.041414e-002
3.536957e+003,2.038775e-002
3.538885e+003,2.020954e-002
3.540814e+003,2.015643e-002
3.542743e+003,2.018437e-002
3.544671e+003,2.016295e-002
3.546600e+003,2.034379e-002
3.548528e+003,2.042717e-002
3.550457e+003,2.018437e-002
3.552385e+003,2.031726e-002
3.554314e+003,2.057511e-002
3.556242e+003,2.065141e-002
3.558171e+003,2.068682e-002
3.560100e+003,2.076126e-002
3.562028e+003,2.095326e-002
3.563957e+003,2.105686e-002
3.565885e+003,2.111053e-002
3.567814e+003,2.153385e-002
3.569742e+003,2.193403e-002
3.571671e+003,2.209901e-002
3.573599e+003,2.176918e-002
3.575528e+003,2.117398e-002
3.577457e+003,2.052835e-002
3.579385e+003,1.997144e-002
3.581314e+003,1.962291e-002
3.583242e+003,1.968258e-002
3.585171e+003,1.969894e-002
3.587099e+003,1.950191e-002
3.589028e+003,1.934672e-002
3.590956e+003,1.937894e-002
3.592885e+003,1.944518e-002
3.594813e+003,1.951598e-002
3.596742e+003,1.951013e-002
3.598671e+003,1.935101e-002
3.600599e+003,1.914417e-002
3.602528e+003,1.917516e-002
3.604456e+003,1.924619e-002
3.606385e+003,1.893400e-002
3.608313e+003,1.858758e-002
3.610242e+003,1.864662e-002
3.612170e+003,1.894542e-002
3.614099e+003,1.888790e-002
3.616028e+003,1.888873e-002
3.617956e+003,1.893348e-002
3.619885e+003,1.899121e-002
3.621813e+003,1.920550e-002
3.623742e+003,1.937544e-002
3.625670e+003,1.919081e-002
3.627599e+003,1.903068e-002
3.629527e+003,1.914112e-002
3.631456e+003,1.923625e-002
3.633385e+003,1.921810e-002
3.635313e+003,1.914157e-002
3.637241e+003,1.910141e-002
3.639170e+003,1.905411e-002
3.641099e+003,1.921696e-002
3.643027e+003,1.933857e-002
3.644956e+003,1.913936e-002
3.646884e+003,1.890164e-002
3.648813e+003,1.882018e-002
3.650741e+003,1.879835e-002
3.652670e+003,1.882267e-002
3.654598e+003,1.879025e-002
3.656527e+003,1.887174e-002
3.658456e+003,1.867799e-002
3.660384e+003,1.850874e-002
3.662313e+003,1.847966e-002
3.664241e+003,1.848678e-002
3.666170e+003,1.831011e-002
3.668098e+003,1.841193e-002
3.670027e+003,1.843873e-002
3.671955e+003,1.853395e-002
3.673884e+003,1.869179e-002
3.675813e+003,1.854971e-002
3.677741e+003,1.836392e-002
3.679670e+003,1.837913e-002
3.681598e+003,1.855244e-002
3.683527e+003,1.843969e-002
3.685455e+003,1.851939e-002
3.687384e+003,1.865340e-002
3.689312e+003,1.867550e-002
3.691241e+003,1.872379e-002
3.693169e+003,1.862376e-002
3.695098e+003,1.864340e-002
3.697027e+003,1.875652e-002
3.698955e+003,1.887246e-002
3.700884e+003,1.885824e-002
3.702812e+003,1.881091e-002
3.704741e+003,1.897252e-002
3.706669e+003,1.901261e-002
3.708598e+003,1.893227e-002
3.710526e+003,1.897207e-002
3.712455e+003,1.890544e-002
3.714384e+003,1.873804e-002
3.716312e+003,1.893922e-002
3.718240e+003,1.916100e-002
3.720169e+003,1.915459e-002
3.722098e+003,1.926832e-002
3.724026e+003,1.935597e-002
3.725955e+003,1.924363e-002
3.727883e+003,1.926167e-002
3.729812e+003,1.931734e-002
3.731740e+003,1.931405e-002
3.733669e+003,1.914694e-002
3.735597e+003,1.899173e-002
3.737526e+003,1.887527e-002
3.739455e+003,1.885277e-002
3.741383e+003,1.880115e-002
3.743312e+003,1.885814e-002
3.745240e+003,1.864817e-002
3.747169e+003,1.865274e-002
3.749097e+003,1.855725e-002
3.751026e+003,1.867353e-002
3.752954e+003,1.850725e-002
3.754883e+003,1.828232e-002
3.756812e+003,1.842998e-002
3.758740e+003,1.854432e-002
3.760669e+003,1.846794e-002
3.762597e+003,1.841173e-002
3.764526e+003,1.850926e-002
3.766454e+003,1.856382e-002
3.768383e+003,1.850656e-002
3.770311e+003,1.855092e-002
3.772240e+003,1.874251e-002
3.774168e+003,1.874897e-002
3.776097e+003,1.858782e-002
3.778026e+003,1.855051e-002
3.779954e+003,1.880388e-002
3.781883e+003,1.908621e-002
3.783811e+003,1.901662e-002
3.785740e+003,1.885897e-002
3.787668e+003,1.892510e-002
3.789597e+003,1.898823e-002
3.791525e+003,1.890025e-002
3.793454e+003,1.897529e-002
3.795383e+003,1.909126e-002
3.797311e+003,1.907703e-002
3.799240e+003,1.912332e-002
3.801168e+003,1.920387e-002
3.803097e+003,1.917748e-002
3.805025e+003,1.903826e-002
3.806954e+003,1.890237e-002
3.808882e+003,1.886928e-002
3.810811e+003,1.881042e-002
3.812740e+003,1.898467e-002
3.814668e+003,1.933314e-002
3.816596e+003,1.928381e-002
3.818525e+003,1.911141e-002
3.820454e+003,1.902347e-002
3.822382e+003,1.872064e-002
3.824311e+003,1.863807e-002
3.826239e+003,1.867360e-002
3.828168e+003,1.880267e-002
3.830096e+003,1.885751e-002
3.832025e+003,1.888326e-002
3.833953e+003,1.891700e-002
3.835882e+003,1.901942e-002
3.837811e+003,1.889596e-002
3.839739e+003,1.879430e-002
3.841668e+003,1.885873e-002
3.843596e+003,1.882783e-002
3.845525e+003,1.869560e-002
3.847453e+003,1.863510e-002
3.849382e+003,1.874638e-002
3.851310e+003,1.889814e-002
3.853239e+003,1.883838e-002
3.855167e+003,1.883751e-002
3.857096e+003,1.897872e-002
3.859025e+003,1.908562e-002
3.860953e+003,1.928596e-002
3.862882e+003,1.929368e-002
3.864810e+003,1.908749e-002
3.866739e+003,1.880561e-002
3.868667e+003,1.894760e-002
3.870596e+003,1.911688e-002
3.872524e+003,1.931388e-002
3.874453e+003,1.942238e-002
3.876382e+003,1.937114e-002
3.878310e+003,1.941005e-002
3.880239e+003,1.939806e-002
3.882167e+003,1.947076e-002
3.884096e+003,1.944459e-002
3.886024e+003,1.936993e-002
3.887953e+003,1.952104e-002
3.889881e+003,1.975941e-002
3.891810e+003,1.964441e-002
3.893739e+003,1.954347e-002
3.895667e+003,1.958794e-002
3.897595e+003,1.960835e-002
3.899524e+003,1.959511e-002
3.901453e+003,1.958676e-002
3.903381e+003,1.942859e-002
3.905310e+003,1.911789e-002
3.907238e+003,1.921184e-002
3.909167e+003,1.926154e-002
3.911095e+003,1.898270e-002
3.913024e+003,1.882817e-002
3.914952e+003,1.887603e-002
3.916881e+003,1.909251e-002
3.918810e+003,1.914022e-002
3.920738e+003,1.909008e-002
3.922667e+003,1.910712e-002
3.924595e+003,1.924491e-002
3.926524e+003,1.914992e-002
3.928452e+003,1.910795e-002
3.930381e+003,1.918444e-002
3.932309e+003,1.909559e-002
3.934238e+003,1.894715e-002
3.936167e+003,1.891770e-002
3.938095e+003,1.896269e-002
3.940024e+003,1.890250e-002
3.941952e+003,1.902939e-002
3.943881e+003,1.915805e-002
3.945809e+003,1.932056e-002
3.947738e+003,1.969832e-002
3.949666e+003,1.980245e-002
3.951595e+003,1.927750e-002
3.953523e+003,1.914708e-002
3.955452e+003,1.952000e-002
3.957380e+003,1.983338e-002
3.959309e+003,1.979884e-002
3.961238e+003,1.970667e-002
3.963166e+003,1.959265e-002
3.965095e+003,1.968400e-002
3.967023e+003,1.973920e-002
3.968952e+003,1.963196e-002
3.970880e+003,1.948337e-002
3.972809e+003,1.953262e-002
3.974737e+003,1.962565e-002
3.976666e+003,1.963449e-002
3.978594e+003,1.962419e-002
3.980523e+003,1.940229e-002
3.982452e+003,1.912052e-002
3.984380e+003,1.930012e-002
3.986309e+003,1.943843e-002
3.988237e+003,1.922281e-002
3.990166e+003,1.938947e-002
3.992094e+003,1.932337e-002
3.994023e+003,1.915504e-002
3.995951e+003,1.921845e-002
3.997880e+003,1.919023e-002
3.999809e+003,1.903161e-002
4.001737e+003,1.920394e-002
4.003666e+003,1.927789e-002
4.005594e+003,1.927539e-002
4.007523e+003,1.909112e-002
4.009451e+003,1.884322e-002
4.011380e+003,1.884212e-002
4.013308e+003,1.895279e-002
4.015237e+003,1.906824e-002
4.017166e+003,1.921246e-002
4.019094e+003,1.901510e-002
4.021022e+003,1.907360e-002
4.022951e+003,1.944938e-002
4.024880e+003,1.972352e-002
4.026808e+003,1.965016e-002
4.028737e+003,1.944952e-002
4.030665e+003,1.941646e-002
4.032594e+003,1.959882e-002
4.034522e+003,1.956561e-002
4.036451e+003,1.962083e-002
4.038379e+003,1.958950e-002
4.040308e+003,1.931803e-002
4.042237e+003,1.939737e-002
4.044165e+003,1.959282e-002
4.046094e+003,1.958800e-002
4.048022e+003,1.942585e-002
4.049951e+003,1.923064e-002
4.051879e+003,1.934949e-002
4.053808e+003,1.959029e-002
4.055736e+003,1.982745e-002
4.057665e+003,1.983560e-002
4.059594e+003,1.960894e-002
4.061522e+003,1.939945e-002
4.063451e+003,1.960842e-002
4.065379e+003,1.970092e-002
4.067308e+003,1.959657e-002
4.069236e+003,1.935527e-002
4.071165e+003,1.929597e-002
4.073093e+003,1.950992e-002
4.075022e+003,1.932998e-002
4.076950e+003,1.924089e-002
4.078879e+003,1.939695e-002
4.080808e+003,1.969610e-002
4.082736e+003,1.965768e-002
4.084665e+003,1.937402e-002
4.086593e+003,1.914431e-002
4.088522e+003,1.926257e-002
4.090450e+003,1.953172e-002
4.092379e+003,1.937883e-002
4.094307e+003,1.923289e-002
4.096236e+003,1.917835e-002
4.098165e+003,1.913146e-002
4.100093e+003,1.913551e-002
4.102021e+003,1.918416e-002
4.103950e+003,1.933328e-002
4.105878e+003,1.967620e-002
4.107807e+003,1.981993e-002
4.109736e+003,1.974298e-002
4.111664e+003,1.979288e-002
4.113593e+003,1.957854e-002
4.115521e+003,1.966413e-002
4.117450e+003,1.983366e-002
4.119378e+003,1.967172e-002
4.121307e+003,1.959120e-002
4.123235e+003,1.966153e-002
4.125164e+003,1.951931e-002
4.127093e+003,1.961660e-002
4.129021e+003,1.981181e-002
4.130950e+003,1.977030e-002
4.132878e+003,1.962714e-002
4.134807e+003,1.975296e-002
4.136735e+003,2.002116e-002
4.138664e+003,2.010687e-002
4.140592e+003,1.980876e-002
4.142521e+003,1.985815e-002
4.144450e+003,1.999274e-002
4.146378e+003,1.992433e-002
4.148307e+003,1.975157e-002
4.150235e+003,1.961206e-002
4.152164e+003,1.986106e-002
4.154092e+003,2.005832e-002
4.156021e+003,2.009358e-002
4.157949e+003,1.976385e-002
4.159878e+003,1.947720e-002
4.161807e+003,1.915335e-002
4.163735e+003,1.902749e-002
4.165664e+003,1.925759e-002
4.167592e+003,1.964132e-002
4.169521e+003,1.970463e-002
4.171449e+003,1.950922e-002
4.173378e+003,1.940385e-002
4.175306e+003,1.942921e-002
4.177235e+003,1.959112e-002
4.179164e+003,1.971884e-002
4.181092e+003,1.992756e-002
4.183021e+003,1.987282e-002
4.184949e+003,1.988430e-002
4.186877e+003,1.986727e-002
4.188806e+003,1.988832e-002
4.190735e+003,1.944491e-002
4.192663e+003,1.932534e-002
4.194592e+003,1.963681e-002
4.196521e+003,2.000260e-002
4.198449e+003,2.030004e-002
4.200377e+003,2.029799e-002
4.202306e+003,2.022790e-002
4.204234e+003,1.999222e-002
4.206163e+003,2.013082e-002
4.208092e+003,2.032150e-002
4.210020e+003,2.022196e-002
4.211949e+003,2.016028e-002
4.213877e+003,2.013262e-002
4.215806e+003,2.033709e-002
4.217734e+003,2.048632e-002
4.219663e+003,2.017011e-002
4.221591e+003,1.984577e-002
4.223520e+003,1.994306e-002
4.225449e+003,1.998372e-002
4.227377e+003,1.997220e-002
4.229306e+003,2.016577e-002
4.231234e+003,2.033167e-002
4.233163e+003,2.012693e-002
4.235091e+003,2.004701e-002
4.237020e+003,2.014560e-002
4.238948e+003,1.980512e-002
4.240877e+003,1.980335e-002
4.242806e+003,1.990248e-002
4.244734e+003,1.957216e-002
4.246663e+003,1.965089e-002
4.248591e+003,2.000416e-002
4.250520e+003,2.006457e-002
4.252448e+003,2.014352e-002
4.254377e+003,1.992641e-002
4.256305e+003,1.987674e-002
4.258234e+003,1.983040e-002
4.260163e+003,1.975560e-002
4.262091e+003,2.007394e-002
4.264020e+003,2.046565e-002
4.265948e+003,2.038331e-002
4.267876e+003,2.022762e-002
4.269805e+003,2.018684e-002
4.271734e+003,1.999073e-002
4.273662e+003,1.996540e-002
4.275591e+003,2.032834e-002
4.277520e+003,2.030119e-002
4.279448e+003,2.001408e-002
4.281376e+003,1.997082e-002
4.283305e+003,2.002477e-002
4.285233e+003,2.019274e-002
4.287162e+003,2.041786e-002
4.289091e+003,2.065533e-002
4.291019e+003,2.041251e-002
4.292948e+003,2.022596e-002
4.294876e+003,2.039338e-002
4.296805e+003,2.058879e-002
4.298733e+003,2.064665e-002
4.300662e+003,2.051456e-002
4.302590e+003,2.026341e-002
4.304519e+003,2.034879e-002
4.306448e+003,2.046041e-002
4.308376e+003,2.066600e-002
4.310305e+003,2.073133e-002
4.312233e+003,2.051845e-002
4.314162e+003,2.030542e-002
4.316090e+003,2.006030e-002
4.318019e+003,2.006526e-002
4.319947e+003,2.017285e-002
4.321876e+003,2.010944e-002
4.323805e+003,1.985950e-002
4.325733e+003,2.014539e-002
4.327662e+003,2.003736e-002
4.329590e+003,1.969104e-002
4.331519e+003,2.005960e-002
4.333447e+003,2.025598e-002
4.335376e+003,2.024581e-002
4.337304e+003,2.022130e-002
4.339233e+003,2.023884e-002
4.341162e+003,2.050351e-002
4.343090e+003,2.033091e-002
4.345019e+003,2.027112e-002
4.346947e+003,2.051952e-002
4.348875e+003,2.072487e-002
4.350804e+003,2.082240e-002
4.352733e+003,2.076883e-002
4.354661e+003,2.063125e-002
4.356590e+003,2.043099e-002
4.358519e+003,2.023102e-002
4.360447e+003,2.019666e-002
4.362375e+003,2.016972e-002
4.364304e+003,2.027483e-002
4.366232e+003,2.070871e-002
4.368161e+003,2.097172e-002
4.370090e+003,2.063970e-002
4.372018e+003,2.045620e-002
4.373947e+003,2.062691e-002
4.375875e+003,2.051796e-002
4.377804e+003,2.047343e-002
4.379732e+003,2.091432e-002
4.381661e+003,2.079247e-002
4.383589e+003,2.059571e-002
4.385518e+003,2.044849e-002
4.387447e+003,2.041491e-002
4.389375e+003,2.077818e-002
4.391304e+003,2.090013e-002
4.393232e+003,2.098292e-002
4.395161e+003,2.088428e-002
4.397089e+003,2.033535e-002
4.399018e+003,2.024637e-002
4.400946e+003,2.033039e-002
4.402875e+003,2.054686e-002
4.404804e+003,2.098730e-002
4.406732e+003,2.068299e-002
4.408661e+003,2.007539e-002
4.410589e+003,2.005183e-002
4.412518e+003,2.028924e-002
4.414446e+003,2.041536e-002
4.416375e+003,2.029674e-002
4.418303e+003,2.006477e-002
4.420232e+003,2.017483e-002
4.422161e+003,2.036369e-002
4.424089e+003,2.064018e-002
4.426018e+003,2.107647e-002
4.427946e+003,2.091957e-002
4.429875e+003,2.052345e-002
4.431803e+003,2.041220e-002
4.433732e+003,2.066513e-002
4.435660e+003,2.066277e-002
4.437589e+003,2.056125e-002
4.439518e+003,2.079039e-002
4.441446e+003,2.093921e-002
4.443375e+003,2.087155e-002
4.445303e+003,2.140306e-002
4.447231e+003,2.142972e-002
4.449160e+003,2.095476e-002
4.451089e+003,2.076456e-002
4.453017e+003,2.056607e-002
4.454946e+003,2.026928e-002
4.456875e+003,2.049399e-002
4.458803e+003,2.041116e-002
4.460731e+003,2.029681e-002
4.462660e+003,2.035077e-002
4.464588e+003,2.059105e-002
4.466517e+003,2.084951e-002
4.468446e+003,2.086940e-002
4.470374e+003,2.074402e-002
4.472303e+003,2.059606e-002
4.474231e+003,2.064918e-002
4.476160e+003,2.061072e-002
4.478088e+003,2.038028e-002
4.480017e+003,2.030292e-002
4.481945e+003,2.039293e-002
4.483874e+003,2.046739e-002
4.485803e+003,2.043481e-002
4.487731e+003,2.042512e-002
4.489660e+003,2.032001e-002
4.491588e+003,2.052946e-002
4.493517e+003,2.057684e-002
4.495445e+003,2.051421e-002
4.497374e+003,2.050671e-002
4.499302e+003,2.065130e-002
4.501231e+003,2.073901e-002
4.503160e+003,2.053835e-002
4.505088e+003,2.059800e-002
4.507017e+003,2.110882e-002
4.508945e+003,2.095781e-002
4.510874e+003,2.100299e-002
4.512802e+003,2.111672e-002
4.514731e+003,2.079970e-002
4.516659e+003,2.088442e-002
4.518588e+003,2.101318e-002
4.520517e+003,2.097541e-002
4.522445e+003,2.135457e-002
4.524374e+003,2.141361e-002
4.526302e+003,2.128661e-002
4.528230e+003,2.149660e-002
4.530159e+003,2.151850e-002
4.532088e+003,2.124763e-002
4.534016e+003,2.079118e-002
4.535945e+003,2.062868e-002
4.537874e+003,2.082782e-002
4.539802e+003,2.087013e-002
4.541730e+003,2.095236e-002
4.543659e+003,2.108239e-002
4.545587e+003,2.078729e-002
4.547516e+003,2.057455e-002
4.549445e+003,2.079101e-002
4.551373e+003,2.070746e-002
4.553302e+003,2.050841e-002
4.555230e+003,2.067709e-002
4.557159e+003,2.097252e-002
4.559087e+003,2.131145e-002
4.561016e+003,2.165702e-002
4.562944e+003,2.170241e-002
4.564873e+003,2.120292e-002
4.566802e+003,2.078906e-002
4.568730e+003,2.041512e-002
4.570659e+003,2.040407e-002
4.572587e+003,2.096585e-002
4.574516e+003,2.104966e-002
4.576444e+003,2.095187e-002
4.578373e+003,2.110033e-002
4.580301e+003,2.109390e-002
4.582230e+003,2.092106e-002
4.584159e+003,2.065909e-002
4.586087e+003,2.071879e-002
4.588016e+003,2.055437e-002
4.589944e+003,2.044717e-002
4.591873e+003,2.079459e-002
4.593801e+003,2.119127e-002
4.595730e+003,2.104406e-002
4.597658e+003,2.092934e-002
4.599587e+003,2.074058e-002
4.601516e+003,2.052859e-002
4.603444e+003,2.066437e-002
4.605373e+003,2.092207e-002
4.607301e+003,2.083592e-002
4.609229e+003,2.085021e-002
4.611158e+003,2.080338e-002
4.613087e+003,2.031296e-002
4.615015e+003,2.028949e-002
4.616944e+003,2.087044e-002
4.618873e+003,2.093167e-002
4.620801e+003,2.074704e-002
4.622729e+003,2.091453e-002
4.624658e+003,2.087267e-002
4.626586e+003,2.052595e-002
4.628515e+003,2.043943e-002
4.630444e+003,2.077756e-002
4.632372e+003,2.133240e-002
4.634301e+003,2.128024e-002
4.636229e+003,2.084798e-002
4.638158e+003,2.060182e-002
4.640086e+003,2.078423e-002
4.642015e+003,2.084107e-002
4.643943e+003,2.076877e-002
4.645872e+003,2.096505e-002
4.647801e+003,2.091891e-002
4.649729e+003,2.053172e-002
4.651658e+003,2.079678e-002
4.653586e+003,2.095291e-002
4.655515e+003,2.036501e-002
4.657443e+003,2.064498e-002
4.659372e+003,2.058251e-002
4.661300e+003,2.000565e-002
4.663229e+003,2.023272e-002
4.665158e+003,2.056309e-002
4.667086e+003,2.104381e-002
4.669015e+003,2.119179e-002
4.670943e+003,2.082834e-002
4.672872e+003,2.020804e-002
4.674800e+003,2.013689e-002
4.676729e+003,2.077926e-002
4.678657e+003,2.109512e-002
4.680586e+003,2.119468e-002
4.682515e+003,2.102556e-002
4.684443e+003,2.047461e-002
4.686372e+003,2.026067e-002
4.688300e+003,2.031959e-002
4.690229e+003,2.037049e-002
4.692157e+003,2.084162e-002
4.694086e+003,2.095660e-002
4.696014e+003,2.089714e-002
4.697943e+003,2.097430e-002
4.699872e+003,2.113822e-002
4.701800e+003,2.110329e-002
4.703729e+003,2.106914e-002
4.705657e+003,2.071055e-002
4.707585e+003,2.055291e-002
4.709514e+003,2.056086e-002
4.711443e+003,2.042842e-002
4.713371e+003,2.068073e-002
4.715300e+003,2.104820e-002
4.717229e+003,2.143835e-002
4.719157e+003,2.118021e-002
4.721085e+003,2.042144e-002
4.723014e+003,2.043797e-002
4.724942e+003,2.062204e-002
4.726871e+003,2.044030e-002
4.728800e+003,2.051994e-002
4.730728e+003,2.091974e-002
4.732657e+003,2.086349e-002
4.734585e+003,2.048955e-002
4.736514e+003,2.060092e-002
4.738442e+003,2.083377e-002
4.740371e+003,2.059727e-002
4.742299e+003,2.030181e-002
4.744228e+003,2.051279e-002
4.746157e+003,2.078416e-002
4.748085e+003,2.078055e-002
4.750014e+003,2.060916e-002
4.751942e+003,2.086627e-002
4.753871e+003,2.131288e-002
4.755799e+003,2.128995e-002
4.757728e+003,2.117182e-002
4.759656e+003,2.152490e-002
4.761585e+003,2.172860e-002
4.763514e+003,2.132464e-002
4.765442e+003,2.128842e-002
4.767371e+003,2.168325e-002
4.769299e+003,2.158737e-002
4.771228e+003,2.155861e-002
4.773156e+003,2.130846e-002
4.775085e+003,2.135837e-002
4.777013e+003,2.113836e-002
4.778942e+003,2.080425e-002
4.780871e+003,2.075771e-002
4.782799e+003,2.088845e-002
4.784728e+003,2.125626e-002
4.786656e+003,2.123761e-002
4.788584e+003,2.102611e-002
4.790513e+003,2.109042e-002
4.792442e+003,2.206613e-002
4.794370e+003,2.238226e-002
4.796299e+003,2.185405e-002
4.798228e+003,2.130794e-002
4.800156e+003,2.091703e-002
4.802084e+003,2.071073e-002
4.804013e+003,2.075229e-002
4.805941e+003,2.115415e-002
4.807870e+003,2.113679e-002
4.809799e+003,2.067733e-002
4.811727e+003,2.080238e-002
4.813656e+003,2.096394e-002
4.815584e+003,2.091126e-002
4.817513e+003,2.094613e-002
4.819441e+003,2.109786e-002
4.821370e+003,2.080537e-002
4.823298e+003,2.064265e-002
4.825227e+003,2.063435e-002
4.827156e+003,2.063657e-002
4.829084e+003,2.102632e-002
4.831013e+003,2.109126e-002
4.832941e+003,2.069825e-002
4.834870e+003,2.053158e-002
4.836798e+003,2.058414e-002
4.838727e+003,2.043783e-002
4.840655e+003,2.038636e-002
4.842584e+003,2.082977e-002
4.844513e+003,2.119416e-002
4.846441e+003,2.075844e-002
4.848370e+003,2.054665e-002
4.850298e+003,2.092517e-002
4.852227e+003,2.132548e-002
4.854155e+003,2.118097e-002
4.856084e+003,2.100608e-002
4.858012e+003,2.077658e-002
4.859941e+003,2.069703e-002
4.861870e+003,2.074857e-002
4.863798e+003,2.089951e-002
4.865727e+003,2.133842e-002
4.867655e+003,2.162080e-002
4.869583e+003,2.134674e-002
4.871512e+003,2.098063e-002
4.873441e+003,2.067597e-002
4.875369e+003,2.064119e-002
4.877298e+003,2.071979e-002
4.879227e+003,2.054117e-002
4.881155e+003,2.032053e-002
4.883083e+003,2.077533e-002
4.885012e+003,2.091912e-002
4.886940e+003,2.086700e-002
4.888869e+003,2.116566e-002
4.890798e+003,2.120080e-002
4.892726e+003,2.092287e-002
4.894655e+003,2.096258e-002
4.896583e+003,2.093601e-002
4.898512e+003,2.120150e-002
4.900440e+003,2.143557e-002
4.902369e+003,2.140382e-002
4.904297e+003,2.135965e-002
4.906226e+003,2.120178e-002
4.908155e+003,2.116643e-002
4.910083e+003,2.085327e-002
4.912012e+003,2.090646e-002
4.913940e+003,2.115283e-002
4.915869e+003,2.099127e-002
4.917797e+003,2.085532e-002
4.919726e+003,2.068303e-002
4.921654e+003,2.044290e-002
4.923583e+003,2.065047e-002
4.925512e+003,2.079052e-002
4.927440e+003,2.082640e-002
4.929369e+003,2.089311e-002
4.931297e+003,2.102778e-002
4.933226e+003,2.092520e-002
4.935154e+003,2.103850e-002
4.937083e+003,2.089280e-002
4.939011e+003,2.071065e-002
4.940940e+003,2.113641e-002
4.942869e+003,2.125498e-002
4.944797e+003,2.084333e-002
4.946726e+003,2.078044e-002
4.948654e+003,2.075253e-002
4.950583e+003,2.046037e-002
4.952511e+003,2.039317e-002
4.954440e+003,2.079602e-002
4.956368e+003,2.106990e-002
4.958297e+003,2.092092e-002
4.960226e+003,2.097319e-002
4.962154e+003,2.090500e-002
4.964083e+003,2.069415e-002
4.966011e+003,2.078166e-002
4.967939e+003,2.114778e-002
4.969868e+003,2.146182e-002
4.971797e+003,2.166012e-002
4.973725e+003,2.138092e-002
4.975654e+003,2.081823e-002
4.977583e+003,2.060474e-002
4.979511e+003,2.026379e-002
4.981439e+003,2.027772e-002
4.983368e+003,2.052491e-002
4.985296e+003,2.063535e-002
4.987225e+003,2.053272e-002
4.989154e+003,2.100817e-002
4.991082e+003,2.118929e-002
4.993011e+003,2.083026e-002
4.994939e+003,2.055239e-002
4.996868e+003,2.055030e-002
4.998796e+003,2.049851e-002
5.000725e+003,2.072633e-002
5.002653e+003,2.085167e-002
5.004582e+003,2.070294e-002
5.006511e+003,2.043467e-002
5.008439e+003,2.031719e-002
5.010368e+003,2.077808e-002
5.012296e+003,2.127825e-002
5.014225e+003,2.108367e-002
5.016153e+003,2.107672e-002
5.018082e+003,2.070051e-002
5.020010e+003,2.047419e-002
5.021939e+003,2.054037e-002
5.023868e+003,2.060551e-002
5.025796e+003,2.065328e-002
5.027725e+003,2.046082e-002
5.029653e+003,1.992658e-002
5.031582e+003,2.023068e-002
5.033510e+003,2.080460e-002
5.035439e+003,2.077725e-002
5.037367e+003,2.073877e-002
5.039296e+003,2.039081e-002
5.041225e+003,2.020766e-002
5.043153e+003,2.022280e-002
5.045082e+003,2.048198e-002
5.047010e+003,2.026730e-002
5.048938e+003,2.033181e-002
5.050867e+003,2.114246e-002
5.052796e+003,2.120045e-002
5.054724e+003,2.052779e-002
5.056653e+003,2.068014e-002
5.058582e+003,2.104667e-002
5.060510e+003,2.062642e-002
5.062438e+003,2.016972e-002
5.064367e+003,2.008976e-002
5.066295e+003,2.044547e-002
5.068224e+003,2.065426e-002
5.070153e+003,2.052418e-002
5.072081e+003,2.061305e-002
5.074010e+003,2.087037e-002
5.075938e+003,2.119360e-002
5.077867e+003,2.110600e-002
5.079795e+003,2.063275e-002
5.081724e+003,2.051966e-002
5.083652e+003,2.071295e-002
5.085581e+003,2.082970e-002
5.087510e+003,2.037192e-002
5.089438e+003,2.043411e-002
5.091367e+003,2.084784e-002
5.093295e+003,2.127185e-002
5.095224e+003,2.120157e-002
5.097152e+003,2.119332e-002
5.099081e+003,2.083258e-002
5.101009e+003,2.027952e-002
5.102938e+003,1.993578e-002
5.104867e+003,2.033125e-002
5.106795e+003,2.067031e-002
5.108724e+003,2.085591e-002
5.110652e+003,2.049868e-002
5.112581e+003,2.017861e-002
5.114509e+003,2.010104e-002
5.116438e+003,2.000343e-002
5.118366e+003,1.968050e-002
5.120295e+003,1.985423e-002
5.122224e+003,2.022950e-002
5.124152e+003,2.062090e-002
5.126081e+003,2.073001e-002
5.128009e+003,2.088181e-002
5.129938e+003,2.050302e-002
5.131866e+003,2.043596e-002
5.133795e+003,2.084781e-002
5.135723e+003,2.080620e-002
5.137652e+003,2.037004e-002
5.139581e+003,2.016681e-002
5.141509e+003,2.014619e-002
5.143438e+003,2.028074e-002
5.145366e+003,2.077148e-002
5.147294e+003,2.071281e-002
5.149223e+003,2.043422e-002
5.151152e+003,2.048316e-002
5.153080e+003,2.051327e-002
5.155009e+003,2.039515e-002
5.156938e+003,2.008539e-002
5.158866e+003,2.023564e-002
5.160794e+003,2.076592e-002
5.162723e+003,2.085313e-002
5.164651e+003,2.044745e-002
5.166580e+003,2.009413e-002
5.168509e+003,2.021547e-002
5.170437e+003,2.074318e-002
5.172366e+003,2.092680e-002
5.174294e+003,2.044908e-002
5.176223e+003,2.013713e-002
5.178151e+003,2.044026e-002
5.180080e+003,2.064526e-002
5.182008e+003,2.041265e-002
5.183937e+003,2.092544e-002
5.185866e+003,2.128609e-002
5.187794e+003,2.074847e-002
5.189723e+003,2.050216e-002
5.191651e+003,2.081569e-002
5.193580e+003,2.064439e-002
5.195508e+003,2.046065e-002
5.197437e+003,2.036851e-002
5.199365e+003,2.027900e-002
5.201294e+003,2.031296e-002
5.203223e+003,2.035976e-002
5.205151e+003,2.047850e-002
5.207080e+003,2.070176e-002
5.209008e+003,2.077641e-002
5.210937e+003,2.010517e-002
5.212865e+003,1.994542e-002
5.214794e+003,2.029386e-002
5.216722e+003,2.079855e-002
5.218651e+003,2.058181e-002
5.220580e+003,2.008733e-002
5.222508e+003,2.006526e-002
5.224437e+003,1.995951e-002
5.226365e+003,1.950531e-002
5.228293e+003,1.956506e-002
5.230222e+003,2.076115e-002
5.232151e+003,2.101596e-002
5.234079e+003,2.056746e-002
5.236008e+003,2.028181e-002
5.237937e+003,2.035973e-002
5.239865e+003,2.042064e-002
5.241793e+003,2.010847e-002
5.243722e+003,1.987382e-002
5.245650e+003,2.025883e-002
5.247579e+003,2.034591e-002
5.249508e+003,1.979849e-002
5.251436e+003,1.982822e-002
5.253365e+003,2.071055e-002
5.255293e+003,2.094178e-002
5.257222e+003,2.060961e-002
5.259150e+003,2.013751e-002
5.261079e+003,2.016289e-002
5.263007e+003,2.053790e-002
5.264936e+003,2.012113e-002
5.266865e+003,1.959123e-002
5.268793e+003,1.984563e-002
5.270722e+003,2.010101e-002
5.272650e+003,1.997814e-002
5.274579e+003,1.970366e-002
5.276507e+003,2.015886e-002
5.278436e+003,2.063309e-002
5.280364e+003,2.041849e-002
5.282293e+003,1.997238e-002
5.284222e+003,1.950728e-002
5.286150e+003,1.968594e-002
5.288079e+003,2.034935e-002
5.290007e+003,2.060742e-002
5.291936e+003,2.077499e-002
5.293864e+003,2.073043e-002
5.295793e+003,2.022679e-002
5.297721e+003,2.028924e-002
5.299650e+003,2.009452e-002
5.301579e+003,2.011801e-002
5.303507e+003,2.057973e-002
5.305436e+003,2.053099e-002
5.307364e+003,2.018979e-002
5.309292e+003,2.013196e-002
5.311221e+003,2.035935e-002
5.313150e+003,2.036476e-002
5.315078e+003,2.059150e-002
5.317007e+003,2.058956e-002
5.318936e+003,1.974748e-002
5.320864e+003,2.000749e-002
5.322792e+003,2.038497e-002
5.324721e+003,2.001887e-002
5.326649e+003,2.008067e-002
5.328578e+003,2.038879e-002
5.330507e+003,2.057028e-002
5.332435e+003,2.060492e-002
5.334364e+003,2.041922e-002
5.336292e+003,2.030796e-002
5.338221e+003,1.991358e-002
5.340149e+003,1.992856e-002
5.342078e+003,2.036330e-002
5.344006e+003,2.053905e-002
5.345935e+003,2.061558e-002
5.347864e+003,2.009785e-002
5.349792e+003,1.965748e-002
5.351721e+003,2.034952e-002
5.353649e+003,2.057222e-002
5.355578e+003,2.026498e-002
5.357506e+003,2.053679e-002
5.359435e+003,2.042679e-002
5.361363e+003,2.016431e-002
5.363292e+003,2.061180e-002
5.365221e+003,2.106312e-002
5.367149e+003,2.096602e-002
5.369078e+003,2.076331e-002
5.371006e+003,2.069603e-002
5.372935e+003,2.043866e-002
5.374863e+003,2.030202e-002
5.376792e+003,2.069988e-002
5.378720e+003,2.078298e-002
5.380649e+003,2.039112e-002
5.382578e+003,2.047874e-002
5.384506e+003,2.070763e-002
5.386435e+003,2.064053e-002
5.388363e+003,2.072299e-002
5.390292e+003,2.070238e-002
5.392220e+003,2.060818e-002
5.394149e+003,2.079077e-002
5.396077e+003,2.052539e-002
5.398006e+003,2.016368e-002
5.399935e+003,2.072543e-002
5.401863e+003,2.088097e-002
5.403792e+003,2.095100e-002
5.405720e+003,2.157936e-002
5.407648e+003,2.134316e-002
5.409577e+003,2.074430e-002
5.411506e+003,2.130839e-002
5.413434e+003,2.157814e-002
5.415363e+003,2.073585e-002
5.417292e+003,2.047163e-002
5.419220e+003,2.051022e-002
5.421148e+003,2.061145e-002
5.423077e+003,2.042345e-002
5.425005e+003,2.004590e-002
5.426934e+003,1.979197e-002
5.428863e+003,2.012634e-002
5.430791e+003,2.090250e-002
5.432720e+003,2.092576e-002
5.434648e+003,2.051654e-002
5.436577e+003,2.040206e-002
5.438505e+003,2.072602e-002
5.440434e+003,2.064981e-002
5.442362e+003,2.031817e-002
5.444291e+003,2.033952e-002
5.446220e+003,2.053939e-002
5.448148e+003,2.080968e-002
5.450077e+003,2.099217e-002
5.452005e+003,2.109786e-002
5.453934e+003,2.077540e-002
5.455862e+003,2.070106e-002
5.457791e+003,2.083929e-002
5.459719e+003,2.121479e-002
5.461648e+003,2.145165e-002
5.463577e+003,2.116730e-002
5.465505e+003,2.086196e-002
5.467434e+003,2.079626e-002
5.469362e+003,2.096473e-002
5.471291e+003,2.084837e-002
5.473219e+003,2.097805e-002
5.475148e+003,2.095597e-002
5.477076e+003,2.064505e-002
5.479005e+003,2.082476e-002
5.480934e+003,2.115307e-002
5.482862e+003,2.077266e-002
5.484791e+003,2.051511e-002
5.486719e+003,2.076675e-002
5.488647e+003,2.099551e-002
5.490576e+003,2.088480e-002
5.492505e+003,2.076508e-002
5.494433e+003,2.074287e-002
5.496362e+003,2.099537e-002
5.498291e+003,2.078336e-002
5.500219e+003,2.105974e-002
5.502147e+003,2.132534e-002
5.504076e+003,2.118685e-002
5.506004e+003,2.084513e-002
5.507933e+003,2.050657e-002
5.509862e+003,2.024276e-002
5.511790e+003,2.025091e-002
5.513719e+003,2.060346e-002
5.515647e+003,2.120839e-002
5.517576e+003,2.150603e-002
5.519504e+003,2.184580e-002
5.521433e+003,2.194626e-002
5.523361e+003,2.120776e-002
5.525290e+003,2.092204e-002
5.527219e+003,2.106649e-002
5.529147e+003,2.101175e-002
5.531076e+003,2.091192e-002
5.533004e+003,2.055159e-002
5.534933e+003,2.086766e-002
5.536861e+003,2.130429e-002
5.538790e+003,2.142199e-002
5.540718e+003,2.109167e-002
5.542647e+003,2.080057e-002
5.544576e+003,2.102232e-002
5.546504e+003,2.120672e-002
5.548433e+003,2.179357e-002
5.550361e+003,2.190291e-002
5.552290e+003,2.137469e-002
5.554218e+003,2.139199e-002
5.556147e+003,2.142774e-002
5.558075e+003,2.110079e-002
5.560004e+003,2.070106e-002
5.561933e+003,2.091216e-002
5.563861e+003,2.146659e-002
5.565790e+003,2.150551e-002
5.567718e+003,2.062687e-002
5.569646e+003,2.031716e-002
5.571575e+003,2.083815e-002
5.573504e+003,2.108479e-002
5.575432e+003,2.071437e-002
5.577361e+003,2.040921e-002
5.579290e+003,2.054141e-002
5.581218e+003,2.106566e-002
5.583146e+003,2.170634e-002
5.585075e+003,2.177667e-002
5.587003e+003,2.134563e-002
5.588932e+003,2.148086e-002
5.590861e+003,2.113811e-002
5.592789e+003,2.077499e-002
5.594718e+003,2.106141e-002
5.596646e+003,2.125804e-002
5.598575e+003,2.104813e-002
5.600503e+003,2.126270e-002
5.602432e+003,2.146523e-002
5.604360e+003,2.134159e-002
5.606289e+003,2.133494e-002
5.608218e+003,2.159103e-002
5.610146e+003,2.153013e-002
5.612075e+003,2.093080e-002
5.614003e+003,2.052307e-002
5.615932e+003,2.044106e-002
5.617860e+003,2.053568e-002
5.619789e+003,2.090764e-002
5.621717e+003,2.162178e-002
5.623646e+003,2.207652e-002
5.625575e+003,2.158608e-002
5.627503e+003,2.077582e-002
5.629432e+003,2.078847e-002
5.631360e+003,2.156620e-002
5.633289e+003,2.194278e-002
5.635217e+003,2.160210e-002
5.637146e+003,2.189423e-002
5.639074e+003,2.206889e-002
5.641003e+003,2.183775e-002
5.642932e+003,2.190590e-002
5.644860e+003,2.193061e-002
5.646789e+003,2.184322e-002
5.648717e+003,2.157285e-002
5.650646e+003,2.153959e-002
5.652574e+003,2.155505e-002
5.654503e+003,2.140529e-002
5.656431e+003,2.078858e-002
5.658360e+003,2.043988e-002
5.660289e+003,2.060308e-002
5.662217e+003,2.122401e-002
5.664146e+003,2.157167e-002
5.666074e+003,2.171961e-002
5.668002e+003,2.180681e-002
5.669931e+003,2.181667e-002
5.671860e+003,2.200625e-002
5.673788e+003,2.200983e-002
5.675717e+003,2.160482e-002
5.677646e+003,2.198024e-002
5.679574e+003,2.211801e-002
5.681502e+003,2.209378e-002
5.683431e+003,2.227500e-002
5.685359e+003,2.227472e-002
5.687288e+003,2.190033e-002
5.689217e+003,2.124520e-002
5.691145e+003,2.127342e-002
5.693074e+003,2.184012e-002
5.695002e+003,2.218352e-002
5.696931e+003,2.153322e-002
5.698859e+003,2.175389e-002
5.700788e+003,2.215629e-002
5.702716e+003,2.221439e-002
5.704645e+003,2.256134e-002
5.706574e+003,2.307604e-002
5.708502e+003,2.277760e-002
5.710431e+003,2.237902e-002
5.712359e+003,2.228065e-002
5.714288e+003,2.229251e-002
5.716216e+003,2.241778e-002
5.718145e+003,2.182423e-002
5.720073e+003,2.133432e-002
5.722002e+003,2.117252e-002
5.723931e+003,2.189381e-002
5.725859e+003,2.257031e-002
5.727788e+003,2.285740e-002
5.729716e+003,2.286508e-002
5.731645e+003,2.220009e-002
5.733573e+003,2.177821e-002
5.735502e+003,2.205010e-002
5.737430e+003,2.248491e-002
5.739359e+003,2.233325e-002
5.741288e+003,2.221184e-002
5.743216e+003,2.215281e-002
5.745145e+003,2.227221e-002
5.747073e+003,2.302119e-002
5.749001e+003,2.272544e-002
5.750930e+003,2.210650e-002
5.752859e+003,2.205243e-002
5.754787e+003,2.246282e-002
5.756716e+003,2.234005e-002
5.758645e+003,2.191092e-002
5.760573e+003,2.225247e-002
5.762501e+003,2.265268e-002
5.764430e+003,2.302814e-002
5.766358e+003,2.297050e-002
5.768287e+003,2.262660e-002
5.770216e+003,2.277945e-002
5.772144e+003,2.266469e-002
5.774073e+003,2.193647e-002
5.776001e+003,2.222753e-002
5.777930e+003,2.222882e-002
5.779858e+003,2.158225e-002
5.781787e+003,2.136498e-002
5.783715e+003,2.208834e-002
5.785644e+003,2.226900e-002
5.787573e+003,2.215417e-002
5.789501e+003,2.229443e-002
5.791430e+003,2.245515e-002
5.793358e+003,2.256291e-002
5.795287e+003,2.256696e-002
5.797215e+003,2.264814e-002
5.799144e+003,2.271570e-002
5.801072e+003,2.240030e-002
5.803001e+003,2.231619e-002
5.804930e+003,2.228187e-002
5.806858e+003,2.219001e-002
5.808787e+003,2.274485e-002
5.810715e+003,2.307199e-002
5.812644e+003,2.309701e-002
5.814572e+003,2.313545e-002
5.816501e+003,2.245553e-002
5.818429e+003,2.236580e-002
5.820358e+003,2.265582e-002
5.822287e+003,2.263715e-002
5.824215e+003,2.268839e-002
5.826144e+003,2.279827e-002
5.828072e+003,2.323884e-002
5.830000e+003,2.308754e-002
5.831929e+003,2.286634e-002
5.833858e+003,2.324681e-002
5.835786e+003,2.299649e-002
5.837715e+003,2.255823e-002
5.839644e+003,2.265547e-002
5.841572e+003,2.246998e-002
5.843500e+003,2.220183e-002
5.845429e+003,2.238502e-002
5.847357e+003,2.300791e-002
5.849286e+003,2.282247e-002
5.851215e+003,2.294989e-002
5.853143e+003,2.344858e-002
5.855072e+003,2.288499e-002
5.857000e+003,2.278563e-002
5.858929e+003,2.298604e-002
5.860857e+003,2.324597e-002
5.862786e+003,2.335861e-002
5.864714e+003,2.368034e-002
5.866643e+003,2.368691e-002
5.868572e+003,2.370336e-002
5.870500e+003,2.403126e-002
5.872429e+003,2.264982e-002
5.874357e+003,2.185935e-002
5.876286e+003,2.299729e-002
5.878214e+003,2.389292e-002
5.880143e+003,2.294231e-002
5.882071e+003,2.294901e-002
5.884000e+003,2.390171e-002
5.885929e+003,2.422917e-002
5.887857e+003,2.396480e-002
5.889786e+003,2.388890e-002
5.891714e+003,2.393693e-002
5.893643e+003,2.409567e-002
5.895571e+003,2.440311e-002
5.897500e+003,2.451073e-002
5.899428e+003,2.403620e-002
5.901357e+003,2.393427e-002
5.903286e+003,2.387286e-002
5.905214e+003,2.390770e-002
5.907143e+003,2.410670e-002
5.909071e+003,2.401932e-002
5.911000e+003,2.385963e-002
5.912928e+003,2.400227e-002
5.914857e+003,2.407882e-002
5.916785e+003,2.403704e-002
5.918714e+003,2.384185e-002
5.920643e+003,2.367372e-002
5.922571e+003,2.339865e-002
5.924500e+003,2.300693e-002
5.926428e+003,2.315649e-002
5.928356e+003,2.362306e-002
5.930285e+003,2.397726e-002
5.932213e+003,2.405928e-002
5.934142e+003,2.452629e-002
5.936071e+003,2.488085e-002
5.937999e+003,2.456293e-002
5.939928e+003,2.453113e-002
5.941856e+003,2.452258e-002
5.943785e+003,2.466091e-002
5.945713e+003,2.470640e-002
5.947642e+003,2.445692e-002
5.949570e+003,2.478321e-002
5.951499e+003,2.494437e-002
5.953428e+003,2.472632e-002
5.955356e+003,2.460259e-002
5.957285e+003,2.477956e-002
5.959213e+003,2.458607e-002
5.961142e+003,2.423494e-002
5.963070e+003,2.408849e-002
5.964999e+003,2.469577e-002
5.966927e+003,2.512201e-002
5.968856e+003,2.485938e-002
5.970785e+003,2.541223e-002
5.972713e+003,2.527844e-002
5.974642e+003,2.473719e-002
5.976570e+003,2.488541e-002
5.978499e+003,2.574613e-002
5.980427e+003,2.531739e-002
5.982356e+003,2.442165e-002
5.984284e+003,2.445976e-002
5.986213e+003,2.473158e-002
5.988142e+003,2.536632e-002
5.990070e+003,2.510814e-002
5.991999e+003,2.428540e-002
5.993927e+003,2.456556e-002
5.995855e+003,2.590905e-002
5.997784e+003,2.625076e-002
5.999713e+003,2.582563e-002
6.001641e+003,2.523373e-002
6.003570e+003,2.500676e-002
6.005499e+003,2.464057e-002
6.007427e+003,2.453120e-002
6.009355e+003,2.513156e-002
6.011284e+003,2.534222e-002
6.013212e+003,2.551106e-002
6.015141e+003,2.603917e-002
6.017070e+003,2.573239e-002
6.018998e+003,2.537566e-002
6.020927e+003,2.567955e-002
6.022855e+003,2.539628e-002
6.024784e+003,2.556518e-002
6.026712e+003,2.561326e-002
6.028641e+003,2.530632e-002
6.030569e+003,2.585654e-002
6.032498e+003,2.584712e-002
6.034427e+003,2.531057e-002
6.036355e+003,2.545049e-002
6.038284e+003,2.560320e-002
6.040212e+003,2.636190e-002
6.042141e+003,2.616915e-002
6.044069e+003,2.537460e-002
6.045998e+003,2.548942e-002
6.047926e+003,2.561400e-002
6.049855e+003,2.551953e-002
6.051784e+003,2.538837e-002
6.053712e+003,2.566609e-002
6.055641e+003,2.637158e-002
6.057569e+003,2.572300e-002
6.059498e+003,2.492029e-002
6.061426e+003,2.548323e-002
6.063355e+003,2.606035e-002
6.065283e+003,2.628487e-002
6.067212e+003,2.678897e-002
6.069141e+003,2.724866e-002
6.071069e+003,2.694209e-002
6.072998e+003,2.672370e-002
6.074926e+003,2.711127e-002
6.076854e+003,2.660976e-002
6.078783e+003,2.567797e-002
6.080712e+003,2.636239e-002
6.082640e+003,2.639686e-002
6.084569e+003,2.544237e-002
6.086498e+003,2.646919e-002
6.088426e+003,2.735765e-002
6.090354e+003,2.700580e-002
6.092283e+003,2.624763e-002
6.094211e+003,2.603326e-002
6.096140e+003,2.622349e-002
6.098069e+003,2.646739e-002
6.099997e+003,2.700075e-002
6.101926e+003,2.676581e-002
6.103854e+003,2.637940e-002
6.105783e+003,2.667874e-002
6.107711e+003,2.813455e-002
6.109640e+003,2.861553e-002
6.111568e+003,2.758381e-002
6.113497e+003,2.715158e-002
6.115426e+003,2.708976e-002
6.117354e+003,2.713176e-002
6.119283e+003,2.845411e-002
6.121211e+003,2.880197e-002
6.123140e+003,2.783300e-002
6.125068e+003,2.679619e-002
6.126997e+003,2.635556e-002
6.128925e+003,2.695827e-002
6.130854e+003,2.807481e-002
6.132783e+003,2.884344e-002
6.134711e+003,2.865577e-002
6.136640e+003,2.793352e-002
6.138568e+003,2.771711e-002
6.140497e+003,2.787395e-002
6.142425e+003,2.772870e-002
6.144354e+003,2.699564e-002
6.146282e+003,2.650832e-002
6.148211e+003,2.709850e-002
6.150140e+003,2.768564e-002
6.152068e+003,2.818889e-002
6.153997e+003,2.867881e-002
6.155925e+003,2.849536e-002
6.157854e+003,2.834696e-002
6.159782e+003,2.805113e-002
6.161711e+003,2.795939e-002
6.163639e+003,2.808849e-002
6.165568e+003,2.760199e-002
6.167497e+003,2.757120e-002
6.169425e+003,2.759440e-002
6.171354e+003,2.720079e-002
6.173282e+003,2.773470e-002
6.175210e+003,2.783569e-002
6.177139e+003,2.801384e-002
6.179068e+003,2.863379e-002
6.180996e+003,2.857735e-002
6.182925e+003,2.901560e-002
6.184854e+003,2.891812e-002
6.186782e+003,2.844427e-002
6.188710e+003,2.933527e-002
6.190639e+003,3.045614e-002
6.192567e+003,3.024273e-002
6.194496e+003,2.957281e-002
6.196425e+003,2.942120e-002
6.198353e+003,2.961707e-002
6.200282e+003,2.962076e-002
6.202210e+003,2.951663e-002
6.204139e+003,2.941163e-002
6.206067e+003,2.927093e-002
6.207996e+003,2.946734e-002
6.209924e+003,2.974707e-002
6.211853e+003,3.040642e-002
6.213782e+003,3.069297e-002
6.215710e+003,2.974426e-002
6.217639e+003,2.915030e-002
6.219567e+003,2.962552e-002
6.221496e+003,2.918084e-002
6.223424e+003,2.900929e-002
6.225353e+003,2.980650e-002
6.227281e+003,2.972617e-002
6.229210e+003,3.001913e-002
6.231139e+003,3.022774e-002
6.233067e+003,2.946457e-002
6.234996e+003,2.913314e-002
6.236924e+003,2.934147e-002
6.238853e+003,2.931488e-002
6.240781e+003,3.026802e-002
6.242710e+003,3.088401e-002
6.244638e+003,3.060863e-002
6.246567e+003,2.958810e-002
6.248496e+003,3.032529e-002
6.250424e+003,3.070051e-002
6.252353e+003,2.999154e-002
6.254281e+003,2.977939e-002
6.256209e+003,3.081304e-002
6.258138e+003,3.146764e-002
6.260067e+003,3.091984e-002
6.261995e+003,3.078704e-002
6.263924e+003,3.134992e-002
6.265853e+003,3.183978e-002
6.267781e+003,3.064262e-002
6.269709e+003,2.911752e-002
6.271638e+003,2.974380e-002
6.273566e+003,3.061969e-002
6.275495e+003,3.147900e-002
6.277424e+003,3.104730e-002
6.279352e+003,3.112582e-002
6.281281e+003,3.212700e-002
6.283209e+003,3.191784e-002
6.285138e+003,3.186307e-002
6.287066e+003,3.245512e-002
6.288995e+003,3.234434e-002
6.290923e+003,3.202419e-002
6.292852e+003,3.301748e-002
6.294781e+003,3.274968e-002
6.296709e+003,3.132367e-002
6.298638e+003,3.055879e-002
6.300566e+003,3.024429e-002
6.302495e+003,3.102641e-002
6.304423e+003,3.113336e-002
6.306352e+003,3.098648e-002
6.308280e+003,3.140455e-002
6.310209e+003,3.216711e-002
6.312138e+003,3.195757e-002
6.314066e+003,3.259949e-002
6.315995e+003,3.368790e-002
6.317923e+003,3.284809e-002
6.319852e+003,3.265293e-002
6.321780e+003,3.218252e-002
6.323709e+003,3.193735e-002
6.325637e+003,3.260485e-002
6.327566e+003,3.290212e-002
6.329495e+003,3.278880e-002
6.331423e+003,3.241574e-002
6.333352e+003,3.222452e-002
6.335280e+003,3.264389e-002
6.337208e+003,3.301798e-002
6.339137e+003,3.328427e-002
6.341066e+003,3.360312e-002
6.342994e+003,3.373703e-002
6.344923e+003,3.344388e-002
6.346852e+003,3.362034e-002
6.348780e+003,3.323247e-002
6.350708e+003,3.264539e-002
6.352637e+003,3.370355e-002
6.354565e+003,3.455209e-002
6.356494e+003,3.486761e-002
6.358423e+003,3.420834e-002
6.360351e+003,3.272717e-002
6.362280e+003,3.290938e-002
6.364208e+003,3.359757e-002
6.366137e+003,3.314595e-002
6.368065e+003,3.396592e-002
6.369994e+003,3.448364e-002
6.371922e+003,3.463645e-002
6.373851e+003,3.518835e-002
6.375780e+003,3.549275e-002
6.377708e+003,3.499056e-002
6.379637e+003,3.435151e-002
6.381565e+003,3.448902e-002
6.383494e+003,3.556291e-002
6.385422e+003,3.595298e-002
6.387351e+003,3.552224e-002
6.389279e+003,3.459594e-002
6.391208e+003,3.396115e-002
6.393137e+003,3.452059e-002
6.395065e+003,3.472965e-002
6.396994e+003,3.421218e-002
6.398922e+003,3.467097e-002
6.400851e+003,3.534694e-002
6.402779e+003,3.578996e-002
6.404708e+003,3.644136e-002
6.406636e+003,3.574894e-002
6.408565e+003,3.494341e-002
6.410494e+003,3.547506e-002
6.412422e+003,3.600290e-002
6.414351e+003,3.570537e-002
6.416279e+003,3.571516e-002
6.418208e+003,3.518274e-002
6.420136e+003,3.528041e-002
6.422065e+003,3.589611e-002
6.423993e+003,3.583407e-002
6.425922e+003,3.602623e-002
6.427851e+003,3.561502e-002
6.429779e+003,3.546345e-002
6.431708e+003,3.558394e-002
6.433636e+003,3.614926e-002
6.435564e+003,3.605445e-002
6.437493e+003,3.603436e-002
6.439422e+003,3.686068e-002
6.441350e+003,3.724055e-002
6.443279e+003,3.698791e-002
6.445208e+003,3.607300e-002
6.447136e+003,3.644792e-002
6.449064e+003,3.740693e-002
6.450993e+003,3.792772e-002
6.452921e+003,3.762190e-002
6.454850e+003,3.694848e-002
6.456779e+003,3.769862e-002
6.458707e+003,3.913207e-002
6.460636e+003,3.866684e-002
6.462564e+003,3.839919e-002
6.464493e+003,3.809216e-002
6.466421e+003,3.682591e-002
6.468350e+003,3.666501e-002
6.470278e+003,3.686436e-002
6.472207e+003,3.703598e-002
6.474136e+003,3.742029e-002
6.476064e+003,3.774954e-002
6.477993e+003,3.832524e-002
6.479921e+003,3.819194e-002
6.481850e+003,3.843955e-002
6.483778e+003,3.919640e-002
6.485707e+003,3.885634e-002
6.487635e+003,3.909516e-002
6.489564e+003,3.951342e-002
6.491493e+003,3.946189e-002
6.493421e+003,3.899239e-002
6.495350e+003,3.861139e-002
6.497278e+003,3.794776e-002
6.499207e+003,3.817750e-002
6.501135e+003,3.902237e-002
6.503064e+003,4.018607e-002
6.504992e+003,4.082260e-002
6.506921e+003,4.045148e-002
6.508850e+003,3.971158e-002
6.510778e+003,3.917287e-002
6.512707e+003,3.914433e-002
6.514635e+003,3.857148e-002
6.516563e+003,3.859209e-002
6.518492e+003,3.926512e-002
6.520421e+003,3.978401e-002
6.522349e+003,4.054067e-002
6.524278e+003,4.030759e-002
6.526207e+003,3.911699e-002
6.528135e+003,3.958626e-002
6.530063e+003,4.046974e-002
6.531992e+003,4.011360e-002
6.533920e+003,4.003308e-002
6.535849e+003,4.139328e-002
6.537778e+003,4.184911e-002
6.539706e+003,4.124686e-002
6.541635e+003,4.073343e-002
6.543563e+003,4.116926e-002
6.545492e+003,4.165673e-002
6.547420e+003,4.167872e-002
6.549349e+003,4.150030e-002
6.551277e+003,4.113007e-002
6.553206e+003,4.048545e-002
6.555135e+003,4.122474e-002
6.557063e+003,4.164794e-002
6.558992e+003,4.178760e-002
6.560920e+003,4.151398e-002
6.562849e+003,4.089569e-002
6.564777e+003,4.143119e-002
6.566706e+003,4.221905e-002
6.568634e+003,4.317802e-002
6.570563e+003,4.338935e-002
6.572492e+003,4.273637e-002
6.574420e+003,4.325514e-002
6.576349e+003,4.446153e-002
6.578277e+003,4.434005e-002
6.580206e+003,4.408872e-002
6.582134e+003,4.432130e-002
6.584063e+003,4.339195e-002
6.585991e+003,4.321199e-002
6.587920e+003,4.388915e-002
6.589849e+003,4.430757e-002
6.591777e+003,4.381159e-002
6.593706e+003,4.475359e-002
6.595634e+003,4.565515e-002
6.597563e+003,4.445246e-002
6.599491e+003,4.409653e-002
6.601420e+003,4.385113e-002
6.603348e+003,4.401193e-002
6.605277e+003,4.413658e-002
6.607206e+003,4.379194e-002
6.609134e+003,4.324504e-002
6.611063e+003,4.378960e-002
6.612991e+003,4.455136e-002
6.614919e+003,4.495142e-002
6.616848e+003,4.606077e-002
6.618777e+003,4.622497e-002
6.620705e+003,4.658379e-002
6.622634e+003,4.620378e-002
6.624563e+003,4.632047e-002
6.626491e+003,4.619254e-002
6.628419e+003,4.624675e-002
6.630348e+003,4.684307e-002
6.632276e+003,4.641378e-002
6.634205e+003,4.554438e-002
6.636134e+003,4.553437e-002
6.638062e+003,4.630842e-002
6.639991e+003,4.654853e-002
6.641919e+003,4.660795e-002
6.643848e+003,4.750392e-002
6.645776e+003,4.747439e-002
6.647705e+003,4.698205e-002
6.649633e+003,4.648506e-002
6.651562e+003,4.695211e-002
6.653491e+003,4.820840e-002
6.655419e+003,4.881431e-002
6.657348e+003,4.849713e-002
6.659276e+003,4.826549e-002
6.661205e+003,4.725175e-002
6.663133e+003,4.606556e-002
6.665062e+003,4.691308e-002
6.666990e+003,4.698817e-002
6.668919e+003,4.781460e-002
6.670848e+003,4.912652e-002
6.672776e+003,4.947732e-002
6.674705e+003,4.950276e-002
6.676633e+003,4.917977e-002
6.678562e+003,4.929259e-002
6.680490e+003,4.984118e-002
6.682419e+003,4.937229e-002
6.684347e+003,4.879459e-002
6.686276e+003,4.884742e-002
6.688205e+003,4.936987e-002
6.690133e+003,5.006389e-002
6.692062e+003,5.000496e-002
6.693990e+003,4.911651e-002
6.695918e+003,4.909002e-002
6.697847e+003,5.151848e-002
6.699776e+003,5.189690e-002
6.701704e+003,5.113651e-002
6.703633e+003,5.102787e-002
6.705562e+003,5.128153e-002
6.707490e+003,5.062276e-002
6.709418e+003,4.991975e-002
6.711347e+003,5.036167e-002
6.713275e+003,5.200726e-002
6.715204e+003,5.288716e-002
6.717133e+003,5.219584e-002
6.719061e+003,5.201884e-002
6.720990e+003,5.248757e-002
6.722918e+003,5.093025e-002
6.724847e+003,5.021153e-002
6.726775e+003,5.136618e-002
6.728704e+003,5.111292e-002
6.730632e+003,5.069999e-002
6.732561e+003,5.141325e-002
6.734490e+003,5.281639e-002
6.736418e+003,5.380482e-002
6.738347e+003,5.310050e-002
6.740275e+003,5.281800e-002
6.742204e+003,5.416381e-002
6.744132e+003,5.315551e-002
6.746061e+003,5.154900e-002
6.747989e+003,5.264180e-002
6.749918e+003,5.418122e-002
6.751847e+003,5.431247e-002
6.753775e+003,5.329877e-002
6.755704e+003,5.212840e-002
6.757632e+003,5.324461e-002
6.759561e+003,5.537307e-002
6.761489e+003,5.534860e-002
6.763418e+003,5.269005e-002
6.765346e+003,5.257062e-002
6.767275e+003,5.498502e-002
6.769204e+003,5.438716e-002
6.771132e+003,5.408968e-002
6.773061e+003,5.483414e-002
6.774989e+003,5.568337e-002
6.776917e+003,5.477189e-002
6.778846e+003,5.377133e-002
6.780775e+003,5.495543e-002
6.782703e+003,5.593295e-002
6.784632e+003,5.625500e-002
6.786561e+003,5.564635e-002
6.788489e+003,5.599751e-002
6.790417e+003,5.638118e-002
6.792346e+003,5.664795e-002
6.794274e+003,5.735586e-002
6.796203e+003,5.880678e-002
6.798132e+003,5.880383e-002
6.800060e+003,5.795775e-002
6.801989e+003,5.861073e-002
6.803917e+003,5.818004e-002
6.805846e+003,5.663550e-002
6.807774e+003,5.783202e-002
6.809703e+003,5.971572e-002
6.811631e+003,5.883186e-002
6.813560e+003,5.772768e-002
6.815489e+003,5.813852e-002
6.817417e+003,5.759955e-002
6.819346e+003,5.758616e-002
6.821274e+003,5.967687e-002
6.823203e+003,5.798172e-002
6.825131e+003,5.781109e-002
6.827060e+003,6.014649e-002
6.828988e+003,6.051381e-002
6.830917e+003,5.915779e-002
6.832846e+003,5.981260e-002
6.834774e+003,6.047580e-002
6.836703e+003,6.039404e-002
6.838631e+003,6.090915e-002
6.840560e+003,6.026440e-002
6.842488e+003,6.022386e-002
6.844417e+003,6.098559e-002
6.846345e+003,6.107753e-002
6.848274e+003,6.012933e-002
6.850203e+003,6.082125e-002
6.852131e+003,6.164004e-002
6.854060e+003,6.206244e-002
6.855988e+003,6.157475e-002
6.857917e+003,6.089901e-002
6.859845e+003,6.303335e-002
6.861774e+003,6.351148e-002
6.863702e+003,6.347850e-002
6.865631e+003,6.300952e-002
6.867560e+003,6.141190e-002
6.869488e+003,6.190793e-002
6.871417e+003,6.375186e-002
6.873345e+003,6.402666e-002
6.875273e+003,6.395157e-002
6.877202e+003,6.270489e-002
6.879131e+003,6.279815e-002
6.881059e+003,6.299665e-002
6.882988e+003,6.320478e-002
6.884917e+003,6.384320e-002
6.886845e+003,6.344959e-002
6.888773e+003,6.324590e-002
6.890702e+003,6.356759e-002
6.892630e+003,6.277709e-002
6.894559e+003,6.297198e-002
6.896488e+003,6.556008e-002
6.898416e+003,6.493671e-002
6.900345e+003,6.343912e-002
6.902273e+003,6.474129e-002
6.904202e+003,6.456979e-002
6.906130e+003,6.480910e-002
6.908059e+003,6.630668e-002
6.909987e+003,6.730887e-002
6.911916e+003,6.683435e-002
6.913845e+003,6.688223e-002
6.915773e+003,6.671058e-002
6.917702e+003,6.529467e-002
6.919630e+003,6.559823e-002
6.921559e+003,6.792136e-002
6.923487e+003,6.941200e-002
6.925416e+003,6.745530e-002
6.927344e+003,6.559950e-002
6.929273e+003,6.582364e-002
6.931202e+003,6.743111e-002
6.933130e+003,6.862896e-002
6.935059e+003,6.937613e-002
6.936987e+003,6.943249e-002
6.938916e+003,6.771281e-002
6.940844e+003,6.714931e-002
6.942773e+003,6.787708e-002
6.944701e+003,6.987449e-002
6.946630e+003,7.092175e-002
6.948559e+003,6.803381e-002
6.950487e+003,6.668075e-002
6.952416e+003,6.744876e-002
6.954344e+003,6.967084e-002
6.956272e+003,7.076249e-002
6.958201e+003,6.974982e-002
6.960130e+003,6.942654e-002
6.962058e+003,6.743281e-002
6.963987e+003,6.632123e-002
6.965916e+003,6.752721e-002
6.967844e+003,6.827577e-002
6.969772e+003,6.835620e-002
6.971701e+003,6.876981e-002
6.973629e+003,7.090587e-002
6.975558e+003,7.078897e-002
6.977487e+003,7.012150e-002
6.979415e+003,7.135715e-002
6.981344e+003,7.222404e-002
6.983272e+003,7.162675e-002
6.985201e+003,7.076561e-002
6.987129e+003,7.169636e-002
6.989058e+003,7.207553e-002
6.990986e+003,7.078558e-002
6.992915e+003,6.994420e-002
6.994844e+003,7.115030e-002
6.996772e+003,7.342414e-002
6.998701e+003,7.556884e-002
7.000629e+003,7.328777e-002
7.002558e+003,7.250661e-002
7.004486e+003,7.338157e-002
7.006415e+003,7.394046e-002
7.008343e+003,7.409506e-002
7.010272e+003,7.328962e-002
7.012201e+003,7.483304e-002
7.014129e+003,7.567788e-002
7.016058e+003,7.441648e-002
7.017986e+003,7.436772e-002
7.019915e+003,7.440873e-002
7.021843e+003,7.341857e-002
7.023772e+003,7.396308e-002
7.025700e+003,7.615120e-002
7.027629e+003,7.638627e-002
7.029558e+003,7.612079e-002
7.031486e+003,7.726284e-002
7.033415e+003,7.660799e-002
7.035343e+003,7.535774e-002
7.037271e+003,7.630040e-002
7.039200e+003,7.847974e-002
7.041129e+003,7.912152e-002
7.043057e+003,7.691795e-002
7.044986e+003,7.455443e-002
7.046915e+003,7.449593e-002
7.048843e+003,7.600280e-002
7.050771e+003,7.606070e-002
7.052700e+003,7.663294e-002
7.054628e+003,7.778803e-002
7.056557e+003,7.841730e-002
7.058486e+003,7.890677e-002
7.060414e+003,7.872383e-002
7.062343e+003,7.935498e-002
7.064271e+003,7.935303e-002
7.066200e+003,7.984205e-002
7.068128e+003,7.987793e-002
7.070057e+003,7.820155e-002
7.071985e+003,7.728390e-002
7.073914e+003,7.864491e-002
7.075843e+003,8.139646e-002
7.077771e+003,8.162652e-002
7.079700e+003,8.016256e-002
7.081628e+003,8.121259e-002
7.083557e+003,8.078820e-002
7.085485e+003,8.015942e-002
7.087414e+003,8.106137e-002
7.089342e+003,8.188610e-002
7.091271e+003,8.184301e-002
7.093200e+003,8.133476e-002
7.095128e+003,8.118670e-002
7.097057e+003,8.217715e-002
7.098985e+003,8.333453e-002
7.100914e+003,8.328804e-002
7.102842e+003,8.389951e-002
7.104771e+003,8.398617e-002
7.106699e+003,8.192963e-002
7.108628e+003,8.205710e-002
7.110557e+003,8.328002e-002
7.112485e+003,8.209036e-002
7.114414e+003,8.308740e-002
7.116342e+003,8.606596e-002
7.118271e+003,8.546660e-002
7.120199e+003,8.468515e-002
7.122128e+003,8.184201e-002
7.124056e+003,8.338679e-002
7.125985e+003,8.612587e-002
7.127914e+003,8.691316e-002
7.129842e+003,8.631317e-002
7.131771e+003,8.584460e-002
7.133699e+003,8.624090e-002
7.135627e+003,8.719334e-002
7.137556e+003,8.529603e-002
7.139485e+003,8.346955e-002
7.141413e+003,8.365908e-002
7.143342e+003,8.490249e-002
7.145271e+003,8.618336e-002
7.147199e+003,8.665942e-002
7.149127e+003,8.755674e-002
7.151056e+003,8.859991e-002
7.152984e+003,9.045553e-002
7.154913e+003,8.898740e-002
7.156842e+003,8.756846e-002
7.158770e+003,8.741826e-002
7.160699e+003,8.768623e-002
7.162627e+003,8.771916e-002
7.164556e+003,8.910213e-002
7.166484e+003,9.025608e-002
7.168413e+003,8.883072e-002
7.170341e+003,8.710003e-002
7.172270e+003,8.786869e-002
7.174199e+003,8.924735e-002
7.176127e+003,8.963341e-002
7.178056e+003,9.004195e-002
7.179984e+003,8.980312e-002
7.181913e+003,8.990993e-002
7.183841e+003,8.993398e-002
7.185770e+003,9.069987e-002
7.187698e+003,8.873926e-002
7.189627e+003,8.940575e-002
7.191556e+003,8.933672e-002
7.193484e+003,8.907154e-002
7.195413e+003,9.154542e-002
7.197341e+003,9.408329e-002
7.199270e+003,9.260892e-002
7.201198e+003,8.989534e-002
7.203127e+003,9.073503e-002
7.205055e+003,9.264891e-002
7.206984e+003,9.537935e-002
7.208913e+003,9.513010e-002
7.210841e+003,9.256673e-002
7.212770e+003,9.353368e-002
7.214698e+003,9.672003e-002
7.216626e+003,9.785038e-002
7.218555e+003,9.587444e-002
7.220484e+003,9.438341e-002
7.222412e+003,9.387579e-002
7.224341e+003,9.374411e-002
7.226270e+003,9.328779e-002
7.228198e+003,9.345245e-002
7.230126e+003,9.549026e-002
7.232055e+003,9.535281e-002
7.233983e+003,9.376565e-002
7.235912e+003,9.379144e-002
7.237841e+003,9.291188e-002
7.239769e+003,9.007477e-002
7.241698e+003,9.079036e-002
7.243626e+003,9.577091e-002
7.245555e+003,9.643944e-002
7.247483e+003,9.506205e-002
7.249412e+003,9.386007e-002
7.251340e+003,9.450692e-002
7.253269e+003,9.585445e-002
7.255198e+003,9.856327e-002
7.257126e+003,9.896600e-002
7.259055e+003,9.779016e-002
7.260983e+003,9.668525e-002
7.262912e+003,9.816516e-002
7.264840e+003,9.935971e-002
7.266769e+003,9.707800e-002
7.268697e+003,9.502654e-002
7.270626e+003,9.701493e-002
7.272555e+003,9.886883e-002
7.274483e+003,9.863304e-002
7.276412e+003,9.829848e-002
7.278340e+003,9.815345e-002
7.280269e+003,9.755329e-002
7.282197e+003,9.856585e-002
7.284126e+003,9.787255e-002
7.286054e+003,9.793295e-002
7.287983e+003,9.950785e-002
7.289912e+003,9.904652e-002
7.291840e+003,9.798878e-002
7.293769e+003,9.997597e-002
7.295697e+003,1.024623e-001
7.297625e+003,1.037614e-001
7.299554e+003,1.023157e-001
7.301483e+003,1.006546e-001
7.303411e+003,1.009412e-001
7.305340e+003,1.008395e-001
7.307269e+003,1.013525e-001
7.309197e+003,1.023657e-001
7.311125e+003,1.006389e-001
7.313054e+003,1.009654e-001
7.314982e+003,1.016643e-001
7.316911e+003,1.032606e-001
7.318840e+003,1.031952e-001
7.320768e+003,1.015123e-001
7.322697e+003,1.010050e-001
7.324625e+003,1.034044e-001
7.326554e+003,1.060463e-001
7.328482e+003,1.064025e-001
7.330411e+003,1.069250e-001
7.332339e+003,1.062499e-001
7.334268e+003,1.038816e-001
7.336197e+003,1.010221e-001
7.338125e+003,1.050443e-001
7.340054e+003,1.094766e-001
7.341982e+003,1.093267e-001
7.343911e+003,1.060444e-001
7.345839e+003,1.053210e-001
7.347768e+003,1.069158e-001
7.349696e+003,1.065116e-001
7.351625e+003,1.060515e-001
7.353554e+003,1.054736e-001
7.355482e+003,1.045097e-001
7.357411e+003,1.044928e-001
7.359339e+003,1.054385e-001
7.361268e+003,1.034022e-001
7.363196e+003,1.045662e-001
7.365125e+003,1.069775e-001
7.367053e+003,1.068268e-001
7.368982e+003,1.061588e-001
7.370911e+003,1.072995e-001
7.372839e+003,1.058610e-001
7.374768e+003,1.055253e-001
7.376696e+003,1.085776e-001
7.378625e+003,1.104914e-001
7.380553e+003,1.077873e-001
7.382482e+003,1.079582e-001
7.384410e+003,1.081273e-001
7.386339e+003,1.072241e-001
7.388268e+003,1.079458e-001
7.390196e+003,1.064983e-001
7.392125e+003,1.049770e-001
7.394053e+003,1.038036e-001
7.395981e+003,1.040049e-001
7.397910e+003,1.069773e-001
7.399839e+003,1.126891e-001
7.401767e+003,1.123106e-001
7.403696e+003,1.101318e-001
7.405625e+003,1.127335e-001
7.407553e+003,1.140186e-001
7.409481e+003,1.138143e-001
7.411410e+003,1.133685e-001
7.413338e+003,1.108505e-001
7.415267e+003,1.104089e-001
7.417196e+003,1.109684e-001
7.419124e+003,1.127411e-001
7.421053e+003,1.119596e-001
7.422981e+003,1.108403e-001
7.424910e+003,1.110364e-001
7.426838e+003,1.095807e-001
7.428767e+003,1.091505e-001
7.430695e+003,1.082974e-001
7.432624e+003,1.086427e-001
7.434553e+003,1.118830e-001
7.436481e+003,1.133191e-001
7.438410e+003,1.124129e-001
7.440338e+003,1.122087e-001
7.442267e+003,1.130793e-001
7.444195e+003,1.133902e-001
7.446124e+003,1.118725e-001
7.448052e+003,1.097848e-001
7.449981e+003,1.089463e-001
7.451910e+003,1.120253e-001
7.453838e+003,1.160383e-001
7.455767e+003,1.156072e-001
7.457695e+003,1.158293e-001
7.459624e+003,1.182267e-001
7.461552e+003,1.189885e-001
7.463481e+003,1.166041e-001
7.465409e+003,1.137223e-001
7.467338e+003,1.142989e-001
7.469267e+003,1.148454e-001
7.471195e+003,1.140829e-001
7.473124e+003,1.159818e-001
7.475052e+003,1.168590e-001
7.476980e+003,1.175911e-001
7.478909e+003,1.184281e-001
7.480838e+003,1.160733e-001
7.482766e+003,1.175642e-001
7.484695e+003,1.205735e-001
7.486624e+003,1.199462e-001
7.488552e+003,1.181312e-001
7.490480e+003,1.208624e-001
7.492409e+003,1.218633e-001
7.494337e+003,1.212091e-001
7.496266e+003,1.196970e-001
7.498195e+003,1.173959e-001
7.500123e+003,1.173988e-001
7.502052e+003,1.175479e-001
7.503980e+003,1.186399e-001
7.505909e+003,1.189232e-001
7.507837e+003,1.167265e-001
7.509766e+003,1.142567e-001
7.511694e+003,1.131259e-001
7.513623e+003,1.163424e-001
7.515551e+003,1.218431e-001
7.517480e+003,1.223255e-001
7.519409e+003,1.214498e-001
7.521337e+003,1.209103e-001
7.523266e+003,1.196933e-001
7.525194e+003,1.175905e-001
7.527123e+003,1.161605e-001
7.529051e+003,1.163863e-001
7.530980e+003,1.174684e-001
7.532908e+003,1.207225e-001
7.534837e+003,1.223830e-001
7.536766e+003,1.203032e-001
7.538694e+003,1.185638e-001
7.540623e+003,1.224406e-001
7.542551e+003,1.228787e-001
7.544479e+003,1.182357e-001
7.546408e+003,1.161320e-001
7.548337e+003,1.158882e-001
7.550265e+003,1.153198e-001
7.552194e+003,1.188819e-001
7.554123e+003,1.209316e-001
7.556051e+003,1.206582e-001
7.557979e+003,1.255534e-001
7.559908e+003,1.239110e-001
7.561836e+003,1.185644e-001
7.563765e+003,1.186792e-001
7.565694e+003,1.197376e-001
7.567622e+003,1.222286e-001
7.569551e+003,1.255493e-001
7.571479e+003,1.269148e-001
7.573408e+003,1.253499e-001
7.575336e+003,1.233353e-001
7.577265e+003,1.250358e-001
7.579193e+003,1.257113e-001
7.581122e+003,1.279095e-001
7.583051e+003,1.277088e-001
7.584979e+003,1.234261e-001
7.586908e+003,1.235718e-001
7.588836e+003,1.228060e-001
7.590765e+003,1.267636e-001
7.592693e+003,1.305580e-001
7.594622e+003,1.269452e-001
7.596550e+003,1.266402e-001
7.598479e+003,1.275218e-001
7.600408e+003,1.278058e-001
7.602336e+003,1.259874e-001
7.604265e+003,1.255097e-001
7.606193e+003,1.234397e-001
7.608122e+003,1.272868e-001
7.610050e+003,1.302833e-001
7.611979e+003,1.276069e-001
7.613907e+003,1.245224e-001
7.615836e+003,1.275361e-001
7.617765e+003,1.321156e-001
7.619693e+003,1.294770e-001
7.621622e+003,1.295125e-001
7.623550e+003,1.343703e-001
7.625479e+003,1.323692e-001
7.627407e+003,1.249181e-001
7.629336e+003,1.225823e-001
7.631264e+003,1.277583e-001
7.633193e+003,1.318278e-001
7.635122e+003,1.314929e-001
7.637050e+003,1.322108e-001
7.638979e+003,1.352296e-001
7.640907e+003,1.332484e-001
7.642835e+003,1.306339e-001
7.644764e+003,1.311201e-001
7.646693e+003,1.292094e-001
7.648621e+003,1.283167e-001
7.650550e+003,1.282109e-001
7.652479e+003,1.281267e-001
7.654407e+003,1.293782e-001
7.656335e+003,1.310194e-001
7.658264e+003,1.351224e-001
7.660192e+003,1.341557e-001
7.662121e+003,1.320776e-001
7.664050e+003,1.282878e-001
7.665978e+003,1.282049e-001
7.667907e+003,1.332904e-001
7.669835e+003,1.375892e-001
7.671764e+003,1.357878e-001
7.673692e+003,1.307053e-001
7.675621e+003,1.319139e-001
7.677549e+003,1.302813e-001
7.679478e+003,1.264549e-001
7.681407e+003,1.281565e-001
7.683335e+003,1.312334e-001
7.685264e+003,1.348551e-001
7.687192e+003,1.357067e-001
7.689121e+003,1.325314e-001
7.691049e+003,1.334258e-001
7.692978e+003,1.358632e-001
7.694906e+003,1.341264e-001
7.696835e+003,1.355384e-001
7.698764e+003,1.370479e-001
7.700692e+003,1.343298e-001
7.702621e+003,1.340952e-001
7.704549e+003,1.317417e-001
7.706478e+003,1.282666e-001
7.708406e+003,1.314337e-001
7.710335e+003,1.355520e-001
7.712263e+003,1.355915e-001
7.714192e+003,1.302558e-001
7.716121e+003,1.357892e-001
7.718049e+003,1.419455e-001
7.719978e+003,1.388266e-001
7.721906e+003,1.357658e-001
7.723834e+003,1.345330e-001
7.725763e+003,1.316903e-001
7.727692e+003,1.324589e-001
7.729620e+003,1.332456e-001
7.731549e+003,1.367702e-001
7.733478e+003,1.428255e-001
7.735406e+003,1.433441e-001
7.737334e+003,1.411155e-001
7.739263e+003,1.392729e-001
7.741191e+003,1.379481e-001
7.743120e+003,1.338461e-001
7.745049e+003,1.312963e-001
7.746977e+003,1.356410e-001
7.748906e+003,1.400877e-001
7.750834e+003,1.389331e-001
7.752763e+003,1.372710e-001
7.754691e+003,1.401712e-001
7.756620e+003,1.369861e-001
7.758548e+003,1.370526e-001
7.760477e+003,1.396146e-001
7.762406e+003,1.415614e-001
7.764334e+003,1.422689e-001
7.766263e+003,1.374383e-001
7.768191e+003,1.364882e-001
7.770120e+003,1.424374e-001
7.772048e+003,1.406200e-001
7.773977e+003,1.380193e-001
7.775905e+003,1.395409e-001
7.777834e+003,1.404022e-001
7.779763e+003,1.385012e-001
7.781691e+003,1.350496e-001
7.783620e+003,1.377793e-001
7.785548e+003,1.398178e-001
7.787477e+003,1.390842e-001
7.789405e+003,1.346032e-001
7.791334e+003,1.340186e-001
7.793262e+003,1.361774e-001
7.795191e+003,1.391853e-001
7.797120e+003,1.410067e-001
7.799048e+003,1.386869e-001
7.800977e+003,1.342662e-001
7.802905e+003,1.326721e-001
7.804833e+003,1.369446e-001
7.806762e+003,1.455045e-001
7.808691e+003,1.436723e-001
7.810619e+003,1.389035e-001
7.812548e+003,1.362098e-001
7.814477e+003,1.377373e-001
7.816405e+003,1.398013e-001
7.818333e+003,1.416161e-001
7.820262e+003,1.426345e-001
7.822190e+003,1.420502e-001
7.824119e+003,1.435340e-001
7.826048e+003,1.466643e-001
7.827976e+003,1.446398e-001
7.829905e+003,1.378751e-001
7.831833e+003,1.348617e-001
7.833762e+003,1.393050e-001
7.835690e+003,1.392764e-001
7.837619e+003,1.379524e-001
7.839547e+003,1.391145e-001
7.841476e+003,1.382990e-001
7.843405e+003,1.408339e-001
7.845333e+003,1.425200e-001
7.847262e+003,1.453946e-001
7.849190e+003,1.465345e-001
7.851119e+003,1.491043e-001
7.853047e+003,1.517553e-001
7.854976e+003,1.458655e-001
7.856904e+003,1.384980e-001
7.858833e+003,1.365061e-001
7.860762e+003,1.429208e-001
7.862690e+003,1.463488e-001
7.864619e+003,1.423683e-001
7.866547e+003,1.433523e-001
7.868476e+003,1.449703e-001
7.870404e+003,1.421977e-001
7.872333e+003,1.402746e-001
7.874261e+003,1.429852e-001
7.876190e+003,1.462458e-001
7.878119e+003,1.446431e-001
7.880047e+003,1.465512e-001
7.881976e+003,1.492229e-001
7.883904e+003,1.457214e-001
7.885833e+003,1.386755e-001
7.887761e+003,1.339620e-001
7.889690e+003,1.367618e-001
7.891618e+003,1.412588e-001
7.893547e+003,1.441147e-001
7.895476e+003,1.443567e-001
7.897404e+003,1.389367e-001
7.899333e+003,1.393961e-001
7.901261e+003,1.466704e-001
7.903189e+003,1.475855e-001
7.905118e+003,1.459257e-001
7.907047e+003,1.521235e-001
7.908975e+003,1.565846e-001
7.910904e+003,1.527434e-001
7.912833e+003,1.436830e-001
7.914761e+003,1.415377e-001
7.916689e+003,1.443483e-001
7.918618e+003,1.497088e-001
7.920546e+003,1.519960e-001
7.922475e+003,1.490798e-001
7.924404e+003,1.450148e-001
7.926332e+003,1.406915e-001
7.928261e+003,1.465679e-001
7.930189e+003,1.486745e-001
7.932118e+003,1.437942e-001
7.934046e+003,1.474144e-001
7.935975e+003,1.563958e-001
7.937903e+003,1.541021e-001
7.939832e+003,1.473342e-001
7.941761e+003,1.411698e-001
7.943689e+003,1.481359e-001
7.945618e+003,1.477926e-001
7.947546e+003,1.459427e-001
7.949475e+003,1.469632e-001
7.951403e+003,1.368429e-001
7.953332e+003,1.349867e-001
7.955260e+003,1.393553e-001
7.957189e+003,1.415141e-001
7.959118e+003,1.510807e-001
7.961046e+003,1.549077e-001
7.962975e+003,1.549812e-001
7.964903e+003,1.523659e-001
7.966832e+003,1.478781e-001
7.968760e+003,1.462622e-001
7.970689e+003,1.490988e-001
7.972617e+003,1.504622e-001
7.974546e+003,1.466923e-001
7.976475e+003,1.482403e-001
7.978403e+003,1.492369e-001
7.980332e+003,1.479996e-001
7.982260e+003,1.493394e-001
7.984188e+003,1.496672e-001
7.986117e+003,1.550571e-001
7.988046e+003,1.540239e-001
7.989974e+003,1.464613e-001
7.991903e+003,1.427063e-001
7.993832e+003,1.355375e-001
7.995760e+003,1.337440e-001
7.997688e+003,1.409038e-001
7.999617e+003,1.488204e-001
